boneCount=65
bone[0] name=mixamorig:Hips parentIndex=-1
  localBind=1,0,0,0,0,1,0,0,0,0,1,0,3.538e-09,1.05246,-0.0176515,1
  inverseBindPose=1,-1.64103e-06,1.23603e-07,0,1.64103e-06,1,2.02836e-13,0,-1.23603e-07,-6.77626e-21,1,0,-1.73285e-06,-1.05246,0.0176515,1
bone[1] name=mixamorig:Spine parentIndex=0
  localBind=1,0,0,0,0,1,0,0,0,0,1,0,0,0,0,1
  inverseBindPose=1,1.2954e-22,1.8341e-23,0,-1.28126e-22,0.998011,-0.0630332,0,-2.64698e-23,0.0630332,0.998011,0,-4.6436e-05,-1.10144,0.0898459,1
bone[2] name=mixamorig:Spine1 parentIndex=1
  localBind=1,0,0,0,0,1,0,0,0,0,1,0,0,0,0,1
  inverseBindPose=1,1.30514e-22,9.11504e-24,0,-1.28126e-22,0.991036,-0.133599,0,-2.64698e-23,0.133599,0.991036,0,-4.6436e-05,-1.2027,0.175516,1
bone[3] name=mixamorig:Spine2 parentIndex=2
  localBind=1,0,0,0,0,1,0,0,0,0,1,0,0,0,0,1
  inverseBindPose=1,1.28126e-22,2.64698e-23,0,-1.28126e-22,1,-2.77556e-17,0,-2.64698e-23,2.77556e-17,1,0,-4.6436e-05,-1.29605,0.00238662,1
bone[4] name=mixamorig:Neck parentIndex=3
  localBind=1,0,0,0,0,1,0,0,0,0,1,0,-0.001122,0.189195,0.0373611,1
  inverseBindPose=1,1.28126e-22,2.64698e-23,0,-1.28126e-22,1,-2.77556e-17,0,-2.64698e-23,2.77556e-17,1,0,0.00107557,-1.48525,-0.0349745,1
bone[5] name=mixamorig:Head parentIndex=4
  localBind=1,0,0,0,0,1,0,0,0,0,1,0,2.38367e-10,0.0867299,-0.0331931,1
  inverseBindPose=1,1.28126e-22,2.64698e-23,0,-1.28126e-22,1,-2.77556e-17,0,-2.64698e-23,2.77556e-17,1,0,0.00107557,-1.57198,-0.00178141,1
bone[6] name=mixamorig:HeadTop_End parentIndex=5
  localBind=1,0,0,0,0,1,0,0,0,0,1,0,2.77556e-19,0.187453,-0.0937134,1
  inverseBindPose=1,1.28126e-22,2.64698e-23,0,-1.28126e-22,1,-2.77556e-17,0,-2.64698e-23,2.77556e-17,1,0,0.00107557,-1.75943,0.091932,1
bone[7] name=mixamorig:LeftShoulder parentIndex=3
  localBind=1,0,0,0,0,1,0,0,0,0,1,0,0,0,0,1
  inverseBindPose=-0.00515747,0.982662,0.185335,0,5.96046e-08,-0.185337,0.982675,0,0.999987,0.00506806,0.000955701,0,-0.0437146,0.205358,-1.43234,1
bone[8] name=mixamorig:LeftArm parentIndex=7
  localBind=1,0,0,0,0,1,0,0,0,0,1,0,0,0,0,1
  inverseBindPose=5.96046e-07,1,1.96695e-06,0,-5.96046e-08,-2.02656e-06,1,0,1,-6.55651e-07,0,0,-0.0445058,-0.153287,-1.42864,1
bone[9] name=mixamorig:LeftForeArm parentIndex=8
  localBind=0.999848,0.0174524,0,0,-0.0174524,0.999848,0,0,0,0,1,0,2.66454e-17,0.245739,-3.12639e-15,1
  inverseBindPose=0.0174524,0.999848,1.3113e-06,0,8.9407e-08,-1.43051e-06,1,0,0.999848,-0.0174525,-2.38419e-07,0,-0.0514628,-0.398189,-1.42864,1
bone[10] name=mixamorig:LeftHand parentIndex=9
  localBind=1,0,0,0,0,1,0,0,0,0,1,0,3.55271e-17,0.230966,2.27374e-15,1
  inverseBindPose=0.0174524,0.999848,1.3113e-06,0,8.9407e-08,-1.43051e-06,1,0,0.999848,-0.0174525,-2.38419e-07,0,-0.0514628,-0.629155,-1.42864,1
bone[11] name=mixamorig:LeftHandThumb1 parentIndex=10
  localBind=1,0,0,0,0,1,0,0,0,0,1,0,0,0,0,1
  inverseBindPose=0.524834,0.766676,0.369806,0,0.0232768,-0.447215,0.894124,0,0.850886,-0.460659,-0.25256,0,-0.399382,0.130464,-1.50517,1
bone[12] name=mixamorig:LeftHandThumb2 parentIndex=11
  localBind=1,0,0,0,0,1,0,0,0,0,1,0,-4.9738e-16,0.0329543,-1.7053e-15,1
  inverseBindPose=0.524831,0.766678,0.369807,0,0.0232787,-0.447215,0.894123,0,0.850888,-0.460655,-0.25256,0,-0.399383,0.0975092,-1.50517,1
bone[13] name=mixamorig:LeftHandThumb3 parentIndex=12
  localBind=1,0,0,0,0,1,0,0,0,0,1,0,-7.10543e-17,0.0355671,8.52651e-16,1
  inverseBindPose=0.524831,0.766678,0.369807,0,0.0232788,-0.447216,0.894123,0,0.850888,-0.460655,-0.25256,0,-0.399383,0.0619432,-1.50517,1
bone[14] name=mixamorig:LeftHandThumb4 parentIndex=13
  localBind=1,0,0,0,0,1,0,0,0,0,1,0,2.13163e-16,0.03329,-5.68434e-16,1
  inverseBindPose=0.524831,0.766678,0.369807,0,0.0232788,-0.447216,0.894123,0,0.850888,-0.460655,-0.25256,0,-0.399383,0.0286532,-1.50517,1
bone[15] name=mixamorig:LeftHandIndex1 parentIndex=10
  localBind=1,0,0,0,0,1,0,0,0,0,1,0,0,0,0,1
  inverseBindPose=0.0223488,0.99975,6.20484e-05,0,8.9407e-08,-6.22272e-05,1,0,0.99975,-0.0223489,-1.66893e-06,0,-0.0318212,-0.739966,-1.42639,1
bone[16] name=mixamorig:LeftHandIndex2 parentIndex=15
  localBind=1,0,0,0,0,1,0,0,0,0,1,0,0,0,0,1
  inverseBindPose=0.0266722,0.999644,0.000125587,0,2.98023e-08,-0.000125647,1,0,0.999644,-0.0266722,-3.33786e-06,0,-0.0351336,-0.765731,-1.42643,1
bone[17] name=mixamorig:LeftHandIndex3 parentIndex=16
  localBind=1,0,0,0,0,1,0,0,0,0,1,0,0,0,0,1
  inverseBindPose=0.0286109,0.999591,0.000153631,0,2.98023e-08,-0.00015378,1,0,0.999591,-0.028611,-4.52995e-06,0,-0.036658,-0.785622,-1.42646,1
bone[18] name=mixamorig:LeftHandIndex4 parentIndex=17
  localBind=1,0,0,0,0,1,0,0,0,0,1,0,-8.88178e-18,0.0245548,1.98952e-15,1
  inverseBindPose=0.0286109,0.999591,0.000153631,0,2.98023e-08,-0.00015378,1,0,0.999591,-0.028611,-4.52995e-06,0,-0.036658,-0.810177,-1.42646,1
bone[19] name=mixamorig:LeftHandMiddle1 parentIndex=10
  localBind=1,0,0,0,0,1,0,0,0,0,1,0,0,0,0,1
  inverseBindPose=0.0167786,0.999859,-1.47522e-05,0,-2.98023e-08,1.4782e-05,1,0,0.999859,-0.0167785,3.57628e-07,0,-0.0509612,-0.743688,-1.42862,1
bone[20] name=mixamorig:LeftHandMiddle2 parentIndex=19
  localBind=1,0,0,0,0,1,0,0,0,0,1,0,0,0,0,1
  inverseBindPose=0.0166796,0.999861,-1.70767e-05,0,-8.9407e-08,1.71661e-05,1,0,0.999861,-0.0166796,4.76837e-07,0,-0.0508848,-0.772696,-1.42862,1
bone[21] name=mixamorig:LeftHandMiddle3 parentIndex=20
  localBind=1,0,0,0,0,1,0,0,0,0,1,0,0,0,0,1
  inverseBindPose=0.0174222,0.999848,1.19209e-07,0,0,-1.19209e-07,1,0,0.999848,-0.0174222,0,0,-0.0514736,-0.792634,-1.42864,1
bone[22] name=mixamorig:LeftHandMiddle4 parentIndex=21
  localBind=1,0,0,0,0,1,0,0,0,0,1,0,-4.76064e-15,0.0228501,-5.68434e-16,1
  inverseBindPose=0.0174222,0.999848,1.19209e-07,0,0,-1.19209e-07,1,0,0.999848,-0.0174222,0,0,-0.0514736,-0.815484,-1.42864,1
bone[23] name=mixamorig:LeftHandRing1 parentIndex=10
  localBind=1,0,0,0,0,1,0,0,0,0,1,0,0,0,0,1
  inverseBindPose=0.017429,0.999848,9.23872e-07,0,2.98023e-08,-9.53674e-07,1,0,0.999848,-0.0174291,-1.19209e-07,0,-0.0739185,-0.735213,-1.43132,1
bone[24] name=mixamorig:LeftHandRing2 parentIndex=23
  localBind=1,0,0,0,0,1,0,0,0,0,1,0,0,0,0,1
  inverseBindPose=0.0159836,0.999872,-4.96805e-05,0,-8.9407e-08,4.98295e-05,1,0,0.999872,-0.0159835,9.53674e-07,0,-0.0728121,-0.765392,-1.43128,1
bone[25] name=mixamorig:LeftHandRing3 parentIndex=24
  localBind=1,0,0,0,0,1,0,0,0,0,1,0,0,0,0,1
  inverseBindPose=0.01747,0.999847,1.69873e-06,0,-2.98023e-08,-1.66893e-06,1,0,0.999847,-0.01747,0,0,-0.0739825,-0.78721,-1.43132,1
bone[26] name=mixamorig:LeftHandRing4 parentIndex=25
  localBind=1,0,0,0,0,1,0,0,0,0,1,0,2.66454e-17,0.0218614,-1.42109e-15,1
  inverseBindPose=0.01747,0.999847,1.69873e-06,0,-2.98023e-08,-1.66893e-06,1,0,0.999847,-0.01747,0,0,-0.0739825,-0.809071,-1.43132,1
bone[27] name=mixamorig:LeftHandPinky1 parentIndex=10
  localBind=1,0,0,0,0,1,0,0,0,0,1,0,0,0,0,1
  inverseBindPose=0.0171682,0.999853,-2.5034e-06,0,2.98023e-08,2.5034e-06,1,0,0.999853,-0.0171683,0,0,-0.0915352,-0.725469,-1.42522,1
bone[28] name=mixamorig:LeftHandPinky2 parentIndex=27
  localBind=1,0,0,0,0,1,0,0,0,0,1,0,0,0,0,1
  inverseBindPose=0.0188304,0.999823,2.30968e-05,0,-5.96046e-08,-2.31266e-05,1,0,0.999823,-0.0188304,-3.57628e-07,0,-0.0927892,-0.754284,-1.42524,1
bone[29] name=mixamorig:LeftHandPinky3 parentIndex=28
  localBind=1,0,0,0,0,1,0,0,0,0,1,0,0,0,0,1
  inverseBindPose=0.0171137,0.999854,-3.30806e-06,0,2.98023e-08,3.27826e-06,1,0,0.999854,-0.0171138,0,0,-0.0914718,-0.767456,-1.42522,1
bone[30] name=mixamorig:LeftHandPinky4 parentIndex=29
  localBind=1,0,0,0,0,1,0,0,0,0,1,0,1.24345e-16,0.02013,-1.42109e-15,1
  inverseBindPose=0.0171137,0.999854,-3.30806e-06,0,2.98023e-08,3.27826e-06,1,0,0.999854,-0.0171138,0,0,-0.0914718,-0.787586,-1.42522,1
bone[31] name=mixamorig:RightShoulder parentIndex=3
  localBind=1,0,0,0,0,1,0,0,0,0,1,0,0,0,0,1
  inverseBindPose=-0.00515747,-0.982675,-0.185265,0,0,-0.185267,0.982688,0,-0.999987,0.00506809,0.000955462,0,0.043715,0.205347,-1.43233,1
bone[32] name=mixamorig:RightArm parentIndex=31
  localBind=1,0,0,0,0,1,0,0,0,0,1,0,0,0,0,1
  inverseBindPose=2.38419e-07,-1,-5.96046e-08,0,-5.96046e-08,-1.19209e-07,1,0,-1,-2.98023e-07,-1.19209e-07,0,0.0445058,-0.153197,-1.42864,1
bone[33] name=mixamorig:RightForeArm parentIndex=32
  localBind=1,0,0,0,0,1,0,0,0,0,1,0,0,0,0,1
  inverseBindPose=0.0174524,-0.999848,-4.3273e-05,0,7.45058e-07,-4.3273e-05,1,0,-0.999848,-0.0174523,0,0,0.0514601,-0.398037,-1.42866,1
bone[34] name=mixamorig:RightHand parentIndex=33
  localBind=1,0,0,0,0,1,0,0,0,0,1,0,-1.1636e-13,0.230966,-5.40012e-15,1
  inverseBindPose=0.0174524,-0.999848,-4.3273e-05,0,7.45058e-07,-4.3273e-05,1,0,-0.999848,-0.0174523,0,0,0.0514601,-0.629003,-1.42866,1
bone[35] name=mixamorig:RightHandThumb1 parentIndex=34
  localBind=1,0,0,0,0,1,0,0,0,0,1,0,0,0,0,1
  inverseBindPose=0.522597,-0.766647,-0.37302,0,-0.0178742,-0.447275,0.894218,0,-0.852392,-0.460648,-0.247448,0,0.390237,0.13064,-1.50751,1
bone[36] name=mixamorig:RightHandThumb2 parentIndex=35
  localBind=1,0,0,0,0,1,0,0,0,0,1,0,0,0,0,1
  inverseBindPose=0.52259,-0.766734,-0.372853,0,-0.0178782,-0.44708,0.894315,0,-0.852397,-0.460694,-0.247347,0,0.390238,0.0973513,-1.50753,1
bone[37] name=mixamorig:RightHandThumb3 parentIndex=36
  localBind=1,0,0,0,0,1,0,0,0,0,1,0,0,0,0,1
  inverseBindPose=0.522582,-0.766663,-0.37301,0,-0.0178826,-0.447263,0.894224,0,-0.852401,-0.460635,-0.247442,0,0.390238,0.0620924,-1.50752,1
bone[38] name=mixamorig:RightHandThumb4 parentIndex=37
  localBind=1,0,0,0,0,1,0,0,0,0,1,0,2.9452e-13,0.0332914,3.95346e-13,1
  inverseBindPose=0.522582,-0.766663,-0.37301,0,-0.0178826,-0.447263,0.894224,0,-0.852401,-0.460635,-0.247442,0,0.390238,0.028801,-1.50752,1
bone[39] name=mixamorig:RightHandIndex1 parentIndex=34
  localBind=1,0,0,0,0,1,0,0,0,0,1,0,0,0,0,1
  inverseBindPose=0.0223476,-0.99975,2.98023e-08,0,8.04663e-07,5.96046e-08,1,0,-0.99975,-0.0223476,8.34465e-07,0,0.031817,-0.739962,-1.42634,1
bone[40] name=mixamorig:RightHandIndex2 parentIndex=39
  localBind=1,0,0,0,0,1,0,0,0,0,1,0,0,0,0,1
  inverseBindPose=0.0266747,-0.999644,-2.98023e-08,0,7.45058e-07,-1.19209e-07,1,0,-0.999644,-0.0266748,7.15256e-07,0,0.0351323,-0.765817,-1.42634,1
bone[41] name=mixamorig:RightHandIndex3 parentIndex=40
  localBind=1,0,0,0,0,1,0,0,0,0,1,0,0,0,0,1
  inverseBindPose=0.0286083,-0.999591,-0.0004071,0,7.15256e-07,-0.000407338,1,0,-0.999591,-0.0286084,-1.10865e-05,0,0.0366523,-0.785167,-1.42666,1
bone[42] name=mixamorig:RightHandIndex4 parentIndex=41
  localBind=1,0,0,0,0,1,0,0,0,0,1,0,-1.31894e-15,0.0245545,2.10321e-14,1
  inverseBindPose=0.0286083,-0.999591,-0.0004071,0,7.15256e-07,-0.000407338,1,0,-0.999591,-0.0286084,-1.10865e-05,0,0.0366523,-0.809722,-1.42666,1
bone[43] name=mixamorig:RightHandMiddle1 parentIndex=34
  localBind=1,0,0,0,0,1,0,0,0,0,1,0,0,0,0,1
  inverseBindPose=0.01678,-0.999859,-2.98023e-08,0,7.45058e-07,-1.19209e-07,1,0,-0.999859,-0.0167801,7.15256e-07,0,0.0509599,-0.743574,-1.42864,1
bone[44] name=mixamorig:RightHandMiddle2 parentIndex=43
  localBind=1,0,0,0,0,1,0,0,0,0,1,0,0,0,0,1
  inverseBindPose=0.0166775,-0.999861,2.98023e-08,0,8.04663e-07,5.96046e-08,1,0,-0.999861,-0.0166775,8.34465e-07,0,0.0508806,-0.772579,-1.42864,1
bone[45] name=mixamorig:RightHandMiddle3 parentIndex=44
  localBind=1,0,0,0,0,1,0,0,0,0,1,0,0,0,0,1
  inverseBindPose=0.0174218,-0.999848,2.98023e-08,0,8.04663e-07,5.96046e-08,1,0,-0.999848,-0.0174218,8.34465e-07,0,0.0514706,-0.792541,-1.42864,1
bone[46] name=mixamorig:RightHandMiddle4 parentIndex=45
  localBind=1,0,0,0,0,1,0,0,0,0,1,0,8.88178e-18,0.02285,-9.26548e-14,1
  inverseBindPose=0.0174218,-0.999848,2.98023e-08,0,8.04663e-07,5.96046e-08,1,0,-0.999848,-0.0174218,8.34465e-07,0,0.0514706,-0.815391,-1.42864,1
bone[47] name=mixamorig:RightHandRing1 parentIndex=34
  localBind=1,0,0,0,0,1,0,0,0,0,1,0,0,0,0,1
  inverseBindPose=0.017429,-0.999848,-2.98023e-08,0,7.45058e-07,-1.19209e-07,1,0,-0.999848,-0.0174291,7.15256e-07,0,0.0739159,-0.735121,-1.43132,1
bone[48] name=mixamorig:RightHandRing2 parentIndex=47
  localBind=1,0,0,0,0,1,0,0,0,0,1,0,0,0,0,1
  inverseBindPose=0.0159844,-0.999872,2.98023e-08,0,8.04663e-07,0,1,0,-0.999872,-0.0159844,7.7486e-07,0,0.0728103,-0.765228,-1.43132,1
bone[49] name=mixamorig:RightHandRing3 parentIndex=48
  localBind=1,0,0,0,0,1,0,0,0,0,1,0,0,0,0,1
  inverseBindPose=0.0174705,-0.999848,-2.98023e-08,0,7.45058e-07,-1.19209e-07,1,0,-0.999848,-0.0174706,5.96046e-07,0,0.0739804,-0.787119,-1.43132,1
bone[50] name=mixamorig:RightHandRing4 parentIndex=49
  localBind=1,0,0,0,0,1,0,0,0,0,1,0,-8.88178e-18,0.021862,-1.13687e-15,1
  inverseBindPose=0.0174705,-0.999848,-2.98023e-08,0,7.45058e-07,-1.19209e-07,1,0,-0.999848,-0.0174706,5.96046e-07,0,0.0739804,-0.808981,-1.43132,1
bone[51] name=mixamorig:RightHandPinky1 parentIndex=34
  localBind=1,0,0,0,0,1,0,0,0,0,1,0,0,0,0,1
  inverseBindPose=0.0171664,-0.999853,1.19209e-07,0,8.34465e-07,2.38419e-07,1,0,-0.999853,-0.0171663,9.53674e-07,0,0.0915311,-0.725372,-1.42522,1
bone[52] name=mixamorig:RightHandPinky2 parentIndex=51
  localBind=1,0,0,0,0,1,0,0,0,0,1,0,0,0,0,1
  inverseBindPose=0.0188317,-0.999823,8.9407e-08,0,8.34465e-07,1.78814e-07,1,0,-0.999823,-0.0188317,8.9407e-07,0,0.0927875,-0.754224,-1.42522,1
bone[53] name=mixamorig:RightHandPinky3 parentIndex=52
  localBind=1,0,0,0,0,1,0,0,0,0,1,0,0,0,0,1
  inverseBindPose=0.0171145,-0.999854,-5.96046e-08,0,6.55651e-07,-1.19209e-07,1,0,-0.999854,-0.0171145,5.96046e-07,0,0.0914698,-0.767358,-1.42522,1
bone[54] name=mixamorig:RightHandPinky4 parentIndex=53
  localBind=1,0,0,0,0,1,0,0,0,0,1,0,-1.42109e-16,0.02013,-2.16573e-13,1
  inverseBindPose=0.0171145,-0.999854,-5.96046e-08,0,6.55651e-07,-1.19209e-07,1,0,-0.999854,-0.0171145,5.96046e-07,0,0.0914698,-0.787488,-1.42522,1
bone[55] name=mixamorig:LeftUpLeg parentIndex=0
  localBind=1,0,0,0,0,1,0,0,0,0,1,0,0,0,0,1
  inverseBindPose=-1,-4.47876e-08,1.54029e-07,0,3.94732e-08,-0.999411,-0.034331,0,1.55476e-07,-0.034331,0.999411,0,0.0968876,0.994998,0.0349451,1
bone[56] name=mixamorig:LeftLeg parentIndex=55
  localBind=1,0,0,0,0,1,0,0,0,0,1,0,0,0,0,1
  inverseBindPose=-1,6.5429e-08,1.21493e-07,0,-5.2302e-08,-0.994465,0.105067,0,1.27695e-07,0.105067,0.994465,0,0.0968876,0.5627,-0.0437781,1
bone[57] name=mixamorig:LeftFoot parentIndex=56
  localBind=1,0,0,0,0,1,0,0,0,0,1,0,0,0,0,1
  inverseBindPose=-0.998146,0.0518511,-0.0318826,0,-0.0304358,-0.878761,-0.47629,0,-0.0527134,-0.474437,0.87871,0,0.102964,0.147008,0.0544808,1
bone[58] name=mixamorig:LeftToeBase parentIndex=57
  localBind=1,0,0,0,0,1,0,0,0,0,1,0,0,0,0,1
  inverseBindPose=-0.999158,0.0410334,-3.84524e-05,0,-1.65403e-06,-0.000977397,-1,0,-0.0410334,-0.999157,0.000976682,0,0.103747,-0.0624075,0.000150982,1
bone[59] name=mixamorig:LeftToe_End parentIndex=58
  localBind=1,0,0,0,0,1,0,0,0,0,1,0,9.74538e-10,0.137682,5.48144e-11,1
  inverseBindPose=-0.999158,0.0410334,-3.84524e-05,0,-1.65403e-06,-0.000977397,-1,0,-0.0410334,-0.999157,0.000976682,0,0.103747,-0.20009,0.000150982,1
bone[60] name=mixamorig:RightUpLeg parentIndex=0
  localBind=1,0,0,0,0,1,0,0,0,0,1,0,0,0,0,1
  inverseBindPose=-1,2.89276e-07,-1.39908e-07,0,-2.84302e-07,-0.999411,-0.034331,0,-1.49757e-07,-0.034331,0.999411,0,-0.0968873,0.994998,0.0349451,1
bone[61] name=mixamorig:RightLeg parentIndex=60
  localBind=1,0,0,0,0,1,0,0,0,0,1,0,0,0,0,1
  inverseBindPose=-1,-2.98472e-07,-1.09768e-07,0,2.85287e-07,-0.994465,0.105067,0,-1.40519e-07,0.105067,0.994465,0,-0.0968876,0.5627,-0.0437781,1
bone[62] name=mixamorig:RightFoot parentIndex=61
  localBind=1,0,0,0,0,1,0,0,0,0,1,0,0,0,0,1
  inverseBindPose=-0.998146,-0.0518483,0.0318844,0,0.0304325,-0.878761,-0.476291,0,0.0527136,-0.474437,0.878709,0,-0.102964,0.147008,0.054481,1
bone[63] name=mixamorig:RightToeBase parentIndex=62
  localBind=1,0,0,0,0,1,0,0,0,0,1,0,0,0,0,1
  inverseBindPose=-0.999157,-0.0410461,4.17884e-05,0,-1.63727e-06,-0.000978112,-0.999999,0,0.0410462,-0.999157,0.000977337,0,-0.103746,-0.062409,0.000151227,1
bone[64] name=mixamorig:RightToe_End parentIndex=63
  localBind=1,0,0,0,0,1,0,0,0,0,1,0,-1.77636e-17,0.137682,1.9991e-16,1
  inverseBindPose=-0.999157,-0.0410461,4.17884e-05,0,-1.63727e-06,-0.000978112,-0.999999,0,0.0410462,-0.999157,0.000977337,0,-0.103746,-0.200091,0.000151227,1
