boneCount=89
bone[0] name=root parentIndex=-1
  localBind=1,0,0,0,0,1,0,0,0,0,1,0,0,0,0,1
  inverseBindPose=1,0,0,0,0,1,0,0,0,0,1,0,0,0,0,1
bone[1] name=pelvis parentIndex=0
  localBind=1.78814e-07,0.0628367,-0.998024,0,0,0.998024,0.0628367,0,1,0,1.78814e-07,0,1.64358e-23,-0.0237946,-0.986932,1
  inverseBindPose=1.78814e-07,0,1,0,0.0628367,0.998024,0,0,-0.998024,0.0628367,1.78814e-07,0,-0.983487,0.0857631,1.96431e-16,1
bone[2] name=spine_01 parentIndex=1
  localBind=0.955037,-0.296487,2.84217e-14,0,0.296487,0.955037,-1.72461e-06,0,5.11325e-07,1.64707e-06,1,0,0.0247185,7.42499e-13,-7.05164e-18,1
  inverseBindPose=0,-1.72853e-06,1,0,-0.23589,0.97178,1.66148e-06,0,-0.97178,-0.23589,-4.76837e-07,0,-0.988301,-0.217013,-3.74263e-07,1
bone[3] name=spine_02 parentIndex=2
  localBind=0.992914,0.118837,2.04948e-07,0,-0.118837,0.992914,2.62233e-06,0,1.08135e-07,-2.6281e-06,1,0,0.0498751,-1.51349e-12,-2.06405e-19,1
  inverseBindPose=0,9.08971e-07,1,0,-0.118735,0.992926,-8.97795e-07,0,-0.992926,-0.118735,1.19209e-07,0,-1.05661,-0.0921012,8.38067e-08,1
bone[4] name=spine_03 parentIndex=3
  localBind=0.983819,0.179166,-1.63031e-07,0,-0.179166,0.983819,-3.41781e-06,0,-4.51963e-07,3.39171e-06,1,0,0.0762588,-6.58966e-12,-2.29336e-17,1
  inverseBindPose=1.19209e-07,-2.52575e-06,1,0,0.0610855,0.998133,2.51457e-06,0,-0.998133,0.0610855,2.98023e-07,0,-1.13104,0.112361,2.8344e-07,1
bone[5] name=spine_04 parentIndex=4
  localBind=0.989071,0.14744,3.7193e-07,0,-0.14744,0.989071,-3.54588e-06,0,-8.90668e-07,3.45229e-06,1,0,0.0885111,-4.10831e-11,-1.56087e-16,1
  inverseBindPose=0,-6.03497e-06,1,0,0.207582,0.978218,5.91576e-06,0,-0.978218,0.207582,1.19209e-06,0,-1.18965,0.290943,1.75755e-06,1
bone[6] name=spine_05 parentIndex=5
  localBind=0.99999,0.0045113,0,0,-0.0045113,0.99999,3.88751e-06,0,1.75377e-08,-3.88747e-06,1,0,0.174988,2.15126e-11,5.09033e-18,1
  inverseBindPose=1.19209e-07,-2.16067e-06,1,0,0.211993,0.977271,2.10851e-06,0,-0.977271,0.211993,5.96047e-07,0,-1.36331,0.297096,6.0259e-07,1
bone[7] name=neck_01 parentIndex=6
  localBind=0.905314,-0.424743,-9.14607e-07,0,0.424743,0.905314,-3.30731e-07,0,9.68482e-07,-8.90576e-08,1,0,0.11915,1.5765e-10,-7.4959e-16,1
  inverseBindPose=5.96046e-08,-2.28733e-06,1,0,-0.223168,0.97478,2.23517e-06,0,-0.97478,-0.223168,-4.76837e-07,0,-1.46829,-0.360701,-8.59611e-07,1
bone[8] name=neck_02 parentIndex=7
  localBind=0.999944,0.0105414,0,0,-0.0105414,0.999944,8.25932e-06,0,8.70646e-08,-8.25886e-06,1,0,0.0584884,-1.51437e-10,-5.76796e-19,1
  inverseBindPose=-1.19209e-07,5.96792e-06,1,0,-0.212881,0.977078,-5.8487e-06,0,-0.977078,-0.212881,1.19209e-06,0,-1.53049,-0.344587,2.02323e-06,1
bone[9] name=head parentIndex=8
  localBind=0.977078,0.212881,-1.24624e-06,0,-0.212881,0.977078,-5.83645e-06,0,-2.47927e-08,5.96796e-06,1,0,0.0575848,-4.51708e-10,-9.06989e-18,1
  inverseBindPose=5.96046e-08,1.86936e-13,1,0,0,1,-1.86936e-13,0,-1,0,5.96046e-08,0,-1.62503,0.00138235,4.72683e-08,1
bone[10] name=clavicle_l parentIndex=6
  localBind=-0.133488,0.0572535,0.989395,0,0.212651,0.976732,-0.02783,0,-0.967967,0.206681,-0.142557,0,0.0583088,0.0100482,0.00931362,1
  inverseBindPose=0.989395,-0.0278321,-0.142558,0,0.0276557,0.999612,-0.00321929,0,0.142592,-0.000757382,0.989781,0,0.19699,-0.0216819,1.43674,1
bone[11] name=upperarm_l parentIndex=10
  localBind=0.709686,-0.0448242,0.703091,0,0.00679109,0.998363,0.0567939,0,-0.704486,-0.035531,0.708828,0,0.152861,-4.9738e-16,-5.68434e-16,1
  inverseBindPose=0.603176,-0.0291639,-0.797075,0,-0.0274434,0.997981,-0.0572822,0,0.797136,0.0564257,0.601158,0,1.04245,0.0602513,0.988083,1
bone[12] name=lowerarm_l parentIndex=11
  localBind=0.801771,-0.597631,0,0,0.597631,0.801771,0,0,0,0,1,0,0.270904,1.5099e-16,2.84217e-16,1
  inverseBindPose=0.501038,0.337094,-0.797075,0,-0.618427,0.783751,-0.0572822,0,0.605399,0.521634,0.601158,0,0.582595,0.509407,0.988083,1
bone[13] name=lowerarm_twist_02_l parentIndex=12
  localBind=0.999994,0.00116692,-0.00335094,0,-0.00117528,0.999996,-0.00249348,0,0.00334801,0.0024974,0.999991,0,0.0869839,2.84217e-16,1.42109e-16,1
  inverseBindPose=0.5041,0.338491,-0.794549,0,-0.617317,0.784618,-0.0573949,0,0.603989,0.519421,0.604482,0,0.492892,0.506359,0.991006,1
bone[14] name=lowerarm_twist_01_l parentIndex=12
  localBind=0.999994,0.00116692,-0.0033508,0,-0.00117528,0.999996,-0.00249348,0,0.00334788,0.0024974,0.999991,0,0.173968,-7.10543e-17,-2.84217e-16,1
  inverseBindPose=0.504099,0.338491,-0.794549,0,-0.617317,0.784618,-0.0573948,0,0.603989,0.519421,0.604482,0,0.405908,0.506461,0.990715,1
bone[15] name=hand_l parentIndex=12
  localBind=0.981347,0.0642875,0.181175,0,-0.192056,0.286282,0.9387,0,0.0084795,-0.955986,0.293289,0,0.260952,1.42109e-16,-2.84217e-16,1
  inverseBindPose=0.368954,-0.747937,-0.551782,0,-0.566885,0.289376,-0.7713,0,0.736556,0.597371,-0.317228,0,0.527409,1.01157,-0.194465,1
bone[16] name=middle_metacarpal_l parentIndex=15
  localBind=0.991586,-0.124612,-0.0350661,0,0.124583,0.992205,-0.00302197,0,0.0351694,-0.0013721,0.99938,0,0.0311663,-0.000677163,0.0036451,1
  inverseBindPose=0.4784,-0.694474,-0.537438,0,-0.571128,0.218827,-0.791156,0,0.667043,0.685435,-0.291947,0,0.372875,1.06678,-0.181924,1
bone[17] name=middle_01_l parentIndex=16
  localBind=0.910696,0.406261,-0.0747326,0,-0.402191,0.913324,0.063884,0,0.0942087,-0.0281221,0.995155,0,0.0556055,5.68434e-16,2.13163e-16,1
  inverseBindPose=0.193704,-0.861022,-0.470235,0,-0.372098,0.37902,-0.847282,0,0.907757,0.339095,-0.246967,0,0.735924,0.835094,-0.181153,1
bone[18] name=middle_02_l parentIndex=17
  localBind=0.944614,0.328078,0.00830865,0,-0.328076,0.94465,-0.00160425,0,-0.00837509,-0.00121047,0.999964,0,0.0491967,0,4.61853e-16,1
  inverseBindPose=-0.103415,-0.876159,-0.470798,0,-0.234181,0.481477,-0.844594,0,0.966677,0.0229086,-0.254972,0,0.921163,0.563863,-0.187909,1
bone[19] name=middle_03_l parentIndex=18
  localBind=0.998756,0.0497266,-0.00381528,0,-0.0497263,0.998763,0.000189956,0,0.00382,7.27596e-12,0.999993,0,0.0290205,-6.39488e-16,1.06581e-16,1
  inverseBindPose=-0.145058,-0.870022,-0.471189,0,-0.206725,0.492366,-0.845482,0,0.967586,-0.0252375,-0.251277,0,0.919788,0.518766,-0.184499,1
bone[20] name=pinky_metacarpal_l parentIndex=15
  localBind=0.917764,0.148143,-0.368459,0,0.0118907,0.917149,0.398367,0,0.396947,-0.369988,0.839965,0,0.0298312,0.00242037,-0.019275,1
  inverseBindPose=0.43112,-0.901394,-0.0402946,0,-0.193205,-0.0486001,-0.979954,0,0.881367,0.430263,-0.195106,0,0.670708,0.861671,-0.323016,1
bone[21] name=pinky_01_l parentIndex=20
  localBind=0.978902,0.203406,0.0194175,0,-0.203354,0.979094,-0.00463087,0,-0.0199535,0.000584537,0.999801,0,0.0471795,-2.84217e-16,2.84217e-16,1
  inverseBindPose=0.237893,-0.970033,-0.0494158,0,-0.218043,-0.003757,-0.975932,0,0.946501,0.242942,-0.212402,0,0.77937,0.718357,-0.33489,1
bone[22] name=pinky_02_l parentIndex=21
  localBind=0.937901,0.346888,-0.00324169,0,-0.346884,0.937907,0.00177118,0,0.0036548,-0.000536706,0.999993,0,0.028933,7.10543e-16,3.55271e-16,1
  inverseBindPose=-0.113212,-0.992409,-0.0480252,0,-0.202642,0.070383,-0.97672,0,0.972687,-0.100845,-0.209072,0,0.95411,0.412844,-0.33253,1
bone[23] name=pinky_03_l parentIndex=22
  localBind=0.998387,0.0567633,-0.00146237,0,-0.0567632,0.998388,9.2261e-05,0,0.00146525,-9.1031e-06,0.999999,0,0.0179152,-1.20792e-15,-7.10543e-17,1
  inverseBindPose=-0.169292,-0.984388,-0.048182,0,-0.196892,0.081682,-0.977017,0,0.965699,-0.155914,-0.207646,0,0.958605,0.359006,-0.331162,1
bone[24] name=ring_metacarpal_l parentIndex=15
  localBind=0.970428,-0.0486745,-0.236434,0,0.0908707,0.981072,0.171,0,0.223635,-0.187429,0.956482,0,0.0310861,0.000603117,-0.00801359,1
  inverseBindPose=0.524908,-0.794608,-0.305073,0,-0.381845,0.100492,-0.918747,0,0.760701,0.598748,-0.250668,0,0.47652,1.00505,-0.256827,1
bone[25] name=ring_01_l parentIndex=24
  localBind=0.951428,0.307575,0.0135048,0,-0.307732,0.951401,0.011677,0,-0.00925694,-0.0152657,0.999841,0,0.0499276,-2.84217e-16,4.9738e-16,1
  inverseBindPose=0.250891,-0.921085,-0.297754,0,-0.344796,0.202386,-0.9166,0,0.904527,0.332631,-0.26681,0,0.711533,0.821934,-0.276078,1
bone[26] name=ring_02_l parentIndex=25
  localBind=0.895859,0.444269,0.00778792,0,-0.444278,0.895889,-0.000691046,0,-0.00728412,-0.00284092,0.999969,0,0.0425139,-1.13687e-15,4.9738e-16,1
  inverseBindPose=-0.186766,-0.936449,-0.296955,0,-0.226114,0.335134,-0.914635,0,0.956029,-0.103677,-0.274335,0,0.962357,0.439322,-0.283278,1
bone[27] name=ring_03_l parentIndex=26
  localBind=0.996719,0.0806807,-0.00641511,0,-0.080679,0.99674,0.000528545,0,0.00643684,-9.24661e-06,0.999979,0,0.0323483,-7.10543e-16,2.84217e-16,1
  inverseBindPose=-0.259801,-0.918485,-0.298143,0,-0.192465,0.351801,-0.916075,0,0.946288,-0.180615,-0.268175,0,0.964219,0.362707,-0.27729,1
bone[28] name=thumb_01_l parentIndex=15
  localBind=0.785018,0.289891,0.547458,0,0.460349,0.318362,-0.828689,0,-0.414519,0.902557,0.116469,0,0.0231001,0.0145192,0.0254708,1
  inverseBindPose=-0.229262,0.388988,-0.89226,0,-0.783382,0.470329,0.40633,0,0.577713,0.792136,0.196897,0,0.564523,0.731841,0.665238,1
bone[29] name=thumb_02_l parentIndex=28
  localBind=0.932656,0.343709,-0.109625,0,-0.343816,0.938854,0.0185189,0,0.109287,0.020419,0.993801,0,0.0463179,4.26326e-16,-5.68434e-16,1
  inverseBindPose=0.0176897,0.427503,-0.903841,0,-0.613513,0.718434,0.327801,0,0.789486,0.54872,0.274988,0,0.66192,0.521244,0.73269,1
bone[30] name=thumb_03_l parentIndex=29
  localBind=0.989255,0.146158,0.00340296,0,-0.146157,0.989261,-0.000531673,0,-0.00344413,2.8592e-05,0.999994,0,0.0271059,3.55271e-16,5.68434e-16,1
  inverseBindPose=0.0769069,0.420807,-0.903884,0,-0.500801,0.800214,0.329933,0,0.862139,0.427292,0.272283,0,0.706671,0.422474,0.730514,1
bone[31] name=index_metacarpal_l parentIndex=15
  localBind=0.992895,-0.0670774,0.0982909,0,0.0938499,0.949235,-0.30024,0,-0.0731619,0.307331,0.948786,0,0.0345267,0.00112796,0.020519,1
  inverseBindPose=0.362267,-0.509675,-0.780381,0,-0.658079,0.453059,-0.60139,0,0.660072,0.731416,-0.171279,0,0.400471,1.06996,0.0705077,1
bone[32] name=index_01_l parentIndex=31
  localBind=0.941372,0.328345,-0.0775108,0,-0.310249,0.932791,0.18343,0,0.13253,-0.148628,0.979972,0,0.0537691,-1.13687e-15,1.77636e-16,1
  inverseBindPose=0.234166,-0.730959,-0.640988,0,-0.424124,0.516464,-0.743898,0,0.874806,0.446054,-0.189078,0,0.672225,0.903414,-0.0439817,1
bone[33] name=index_02_l parentIndex=32
  localBind=0.979163,0.203027,0.00432009,0,-0.203024,0.979173,-0.00113561,0,-0.00446067,0.00023486,0.99999,0,0.0456455,7.10543e-16,-5.15143e-16,1
  inverseBindPose=0.0781128,-0.762549,-0.642198,0,-0.313644,0.59266,-0.741877,0,0.946322,0.259371,-0.192874,0,0.796752,0.757438,-0.0465641,1
bone[34] name=index_03_l parentIndex=33
  localBind=0.999999,-0.000215597,0.00105014,0,0.000215597,1,-7.10543e-15,0,-0.00105014,2.26408e-07,0.999999,0,0.0248647,1.42109e-16,-2.84217e-16,1
  inverseBindPose=0.077603,-0.762532,-0.64228,0,-0.31455,0.592593,-0.741547,0,0.946063,0.259576,-0.193868,0,0.771674,0.757604,-0.0473746,1
bone[35] name=upperarm_twist_01_l parentIndex=11
  localBind=0.999991,0.000238842,-0.00417652,0,-0.000238842,1,4.98766e-07,0,0.00417652,4.98766e-07,0.999991,0,0.0903012,1.5099e-16,5.68434e-16,1
  inverseBindPose=0.606493,-0.0293084,-0.794549,0,-0.0269656,0.997987,-0.0573959,0,0.794632,0.0562356,0.604482,0,0.948027,0.0600244,0.992051,1
bone[36] name=upperarm_twist_02_l parentIndex=11
  localBind=1,0,0,0,0,1,0,0,0,0,1,0,0.180602,1.42109e-16,9.9476e-16,1
  inverseBindPose=0.603176,-0.0291639,-0.797075,0,-0.0274434,0.997981,-0.0572822,0,0.797136,0.0564257,0.601158,0,0.861847,0.0602513,0.988083,1
bone[37] name=clavicle_r parentIndex=6
  localBind=0.133488,-0.0572578,0.989395,0,-0.212651,-0.976732,-0.0278342,0,0.967967,-0.20668,-0.142558,0,0.0583043,0.0100491,-0.00931357,1
  inverseBindPose=0.989395,-0.0278321,-0.142558,0,-0.0276557,-0.999612,0.0032193,0,-0.142592,0.000757371,-0.989781,0,-0.19699,0.0216819,-1.43674,1
bone[38] name=upperarm_r parentIndex=37
  localBind=0.709686,-0.0448242,0.703091,0,0.00679109,0.998363,0.0567939,0,-0.704486,-0.035531,0.708828,0,-0.15286,-5.46861e-08,4.02098e-06,1
  inverseBindPose=0.603176,-0.0291639,-0.797075,0,0.0274434,-0.997981,0.0572822,0,-0.797136,-0.0564257,-0.601158,0,-1.04245,-0.0602513,-0.988083,1
bone[39] name=lowerarm_r parentIndex=38
  localBind=0.801771,-0.597631,0,0,0.597631,0.801771,0,0,0,0,1,0,-0.270899,-1.06581e-16,2.84217e-16,1
  inverseBindPose=0.501038,0.337094,-0.797075,0,0.618428,-0.783751,0.0572823,0,-0.605399,-0.521634,-0.601158,0,-0.582599,-0.50941,-0.988083,1
bone[40] name=lowerarm_twist_02_r parentIndex=39
  localBind=0.999994,0.00116692,-0.00335094,0,-0.00117528,0.999996,-0.00249348,0,0.00334801,0.0024974,0.999991,0,-0.0869851,-2.84217e-16,2.84217e-16,1
  inverseBindPose=0.504099,0.338491,-0.794549,0,0.617317,-0.784618,0.0573949,0,-0.603989,-0.519421,-0.604482,0,-0.492894,-0.506362,-0.991006,1
bone[41] name=lowerarm_twist_01_r parentIndex=39
  localBind=0.999994,0.00116692,-0.0033508,0,-0.00117528,0.999996,-0.00249348,0,0.00334788,0.0024974,0.999991,0,-0.17397,0,-2.84217e-16,1
  inverseBindPose=0.504099,0.338491,-0.794549,0,0.617317,-0.784618,0.0573948,0,-0.603989,-0.519421,-0.604482,0,-0.40591,-0.506464,-0.990714,1
bone[42] name=hand_r parentIndex=39
  localBind=0.981347,0.0642875,0.181175,0,-0.192056,0.286282,0.9387,0,0.0084795,-0.955986,0.293289,0,-0.260955,-2.84217e-16,-1.42109e-16,1
  inverseBindPose=0.368954,-0.747937,-0.551782,0,0.566885,-0.289376,0.7713,0,-0.736556,-0.59737,0.317228,0,-0.527409,-1.01157,0.194468,1
bone[43] name=middle_metacarpal_r parentIndex=42
  localBind=0.991586,-0.124612,-0.0350661,0,0.124583,0.992205,-0.00302197,0,0.0351694,-0.0013721,0.99938,0,-0.0311661,0.000677167,-0.00364205,1
  inverseBindPose=0.4784,-0.694474,-0.537438,0,0.571128,-0.218827,0.791156,0,-0.667043,-0.685435,0.291947,0,-0.372875,-1.06678,0.181923,1
bone[44] name=middle_01_r parentIndex=43
  localBind=0.910696,0.406261,-0.0747326,0,-0.402191,0.913324,0.063884,0,0.0942087,-0.0281221,0.995155,0,-0.0556062,1.32579e-07,-4.77121e-07,1
  inverseBindPose=0.193704,-0.861022,-0.470234,0,0.372098,-0.37902,0.847282,0,-0.907756,-0.339095,0.246968,0,-0.735924,-0.835094,0.181153,1
bone[45] name=middle_02_r parentIndex=44
  localBind=0.944614,0.328078,0.00830865,0,-0.328076,0.94465,-0.00160425,0,-0.00837509,-0.00121047,0.999964,0,-0.0491961,-3.38517e-07,3.28417e-07,1
  inverseBindPose=-0.103415,-0.876159,-0.470798,0,0.234181,-0.481477,0.844594,0,-0.966677,-0.0229085,0.254972,0,-0.921163,-0.563863,0.187909,1
bone[46] name=middle_03_r parentIndex=45
  localBind=0.998756,0.0497266,-0.00381528,0,-0.0497263,0.998763,0.000189956,0,0.00382,7.27596e-12,0.999993,0,-0.0290207,1.2209e-07,-2.65008e-07,1
  inverseBindPose=-0.145058,-0.870022,-0.471189,0,0.206725,-0.492366,0.845483,0,-0.967586,0.0252373,0.251277,0,-0.919788,-0.518766,0.1845,1
bone[47] name=pinky_metacarpal_r parentIndex=42
  localBind=0.917764,0.148143,-0.368459,0,0.0118907,0.917149,0.398367,0,0.396947,-0.369988,0.839965,0,-0.0298309,-0.00242032,0.0192776,1
  inverseBindPose=0.43112,-0.901394,-0.0402945,0,0.193205,0.0486001,0.979954,0,-0.881367,-0.430263,0.195107,0,-0.670709,-0.861672,0.323016,1
bone[48] name=pinky_01_r parentIndex=47
  localBind=0.978902,0.203406,0.0194175,0,-0.203354,0.979094,-0.00463087,0,-0.0199535,0.000584537,0.999801,0,-0.0471799,-4.64822e-07,2.94186e-07,1
  inverseBindPose=0.237893,-0.970034,-0.0494158,0,0.218043,0.003757,0.975932,0,-0.946501,-0.242942,0.212403,0,-0.77937,-0.718356,0.334889,1
bone[49] name=pinky_02_r parentIndex=48
  localBind=0.937901,0.346888,-0.00324169,0,-0.346884,0.937907,0.00177118,0,0.0036548,-0.000536706,0.999993,0,-0.0289332,3.28431e-07,-5.78503e-07,1
  inverseBindPose=-0.113212,-0.992409,-0.0480253,0,0.202642,-0.0703833,0.97672,0,-0.972686,0.100845,0.209072,0,-0.95411,-0.412844,0.332531,1
bone[50] name=pinky_03_r parentIndex=49
  localBind=0.998387,0.0567633,-0.00146237,0,-0.0567632,0.998388,9.2261e-05,0,0.00146525,-9.10309e-06,0.999999,0,-0.0179147,1.86421e-07,3.44562e-07,1
  inverseBindPose=-0.169292,-0.984388,-0.048182,0,0.196892,-0.0816822,0.977017,0,-0.965699,0.155914,0.207646,0,-0.958606,-0.359006,0.331162,1
bone[51] name=ring_metacarpal_r parentIndex=42
  localBind=0.970428,-0.0486745,-0.236434,0,0.0908707,0.981072,0.171,0,0.223635,-0.187429,0.956482,0,-0.0310862,-0.00060364,0.00801639,1
  inverseBindPose=0.524908,-0.794608,-0.305073,0,0.381845,-0.100492,0.918747,0,-0.760701,-0.598748,0.250668,0,-0.47652,-1.00505,0.256827,1
bone[52] name=ring_01_r parentIndex=51
  localBind=0.951428,0.307575,0.0135048,0,-0.307732,0.951401,0.011677,0,-0.00925694,-0.0152657,0.999841,0,-0.0499281,5.88085e-07,-2.64258e-07,1
  inverseBindPose=0.250891,-0.921085,-0.297754,0,0.344796,-0.202386,0.9166,0,-0.904527,-0.332631,0.26681,0,-0.711532,-0.821934,0.276078,1
bone[53] name=ring_02_r parentIndex=52
  localBind=0.895859,0.444269,0.00778792,0,-0.444278,0.895889,-0.000691046,0,-0.00728412,-0.00284092,0.999969,0,-0.0425138,-8.28428e-07,2.08544e-07,1
  inverseBindPose=-0.186766,-0.936449,-0.296955,0,0.226113,-0.335134,0.914635,0,-0.956029,0.103677,0.274335,0,-0.962356,-0.439321,0.283278,1
bone[54] name=ring_03_r parentIndex=53
  localBind=0.996719,0.0806807,-0.00641511,0,-0.080679,0.99674,0.000528545,0,0.00643684,-9.24661e-06,0.999979,0,-0.0323473,5.11808e-07,-3.33011e-07,1
  inverseBindPose=-0.259801,-0.918485,-0.298143,0,0.192465,-0.351801,0.916075,0,-0.946288,0.180615,0.268175,0,-0.96422,-0.362708,0.27729,1
bone[55] name=thumb_01_r parentIndex=42
  localBind=0.785018,0.289891,0.547458,0,0.460349,0.318362,-0.828689,0,-0.414519,0.902557,0.116469,0,-0.0231008,-0.0145192,-0.0254684,1
  inverseBindPose=-0.229262,0.388988,-0.89226,0,0.783382,-0.470329,-0.40633,0,-0.577713,-0.792136,-0.196897,0,-0.564522,-0.73184,-0.665238,1
bone[56] name=thumb_02_r parentIndex=55
  localBind=0.932656,0.343709,-0.109625,0,-0.343816,0.938854,0.0185189,0,0.109287,0.020419,0.993801,0,-0.046318,1.64326e-07,-4.94527e-07,1
  inverseBindPose=0.0176895,0.427503,-0.903841,0,0.613513,-0.718434,-0.327801,0,-0.789486,-0.54872,-0.274988,0,-0.661919,-0.521244,-0.73269,1
bone[57] name=thumb_03_r parentIndex=56
  localBind=0.989255,0.146158,0.00340296,0,-0.146157,0.989261,-0.000531673,0,-0.00344413,2.8592e-05,0.999994,0,-0.0271058,-5.00431e-07,-7.96917e-08,1
  inverseBindPose=0.0769068,0.420807,-0.903884,0,0.500801,-0.800214,-0.329933,0,-0.862139,-0.427292,-0.272283,0,-0.70667,-0.422474,-0.730514,1
bone[58] name=index_metacarpal_r parentIndex=42
  localBind=0.992895,-0.0670774,0.0982909,0,0.0938499,0.949235,-0.30024,0,-0.0731619,0.307331,0.948786,0,-0.0345266,-0.0011279,-0.020516,1
  inverseBindPose=0.362266,-0.509676,-0.780381,0,0.658079,-0.453058,0.60139,0,-0.660072,-0.731416,0.171279,0,-0.400471,-1.06996,-0.0705083,1
bone[59] name=index_01_r parentIndex=58
  localBind=0.941372,0.328345,-0.0775108,0,-0.310249,0.932791,0.18343,0,0.13253,-0.148628,0.979972,0,-0.053769,-4.13068e-07,-4.13586e-07,1
  inverseBindPose=0.234166,-0.730959,-0.640988,0,0.424124,-0.516464,0.743898,0,-0.874806,-0.446054,0.189079,0,-0.672225,-0.903414,0.0439816,1
bone[60] name=index_02_r parentIndex=59
  localBind=0.979163,0.203027,0.00432009,0,-0.203024,0.979173,-0.00113561,0,-0.00446067,0.00023486,0.99999,0,-0.0456457,1.01201e-06,-2.72198e-07,1
  inverseBindPose=0.078113,-0.762549,-0.642198,0,0.313644,-0.59266,0.741877,0,-0.946322,-0.259372,0.192874,0,-0.796752,-0.757438,0.0465643,1
bone[61] name=index_03_r parentIndex=60
  localBind=0.999999,-0.000215597,0.00105014,0,0.000215597,1,-7.10543e-15,0,-0.00105014,2.26408e-07,0.999999,0,-0.0248645,-9.58483e-08,-5.1346e-08,1
  inverseBindPose=0.0776029,-0.762532,-0.64228,0,0.31455,-0.592592,0.741547,0,-0.946063,-0.259576,0.193868,0,-0.771675,-0.757605,0.0473748,1
bone[62] name=upperarm_twist_01_r parentIndex=38
  localBind=0.999991,0.000238842,-0.00417652,0,-0.000238842,1,4.98766e-07,0,0.00417652,4.98766e-07,0.999991,0,-0.0902997,1.01009e-07,1.25849e-06,1
  inverseBindPose=0.606493,-0.0293084,-0.794549,0,0.0269656,-0.997987,0.0573959,0,-0.794632,-0.0562357,-0.604481,0,-0.948029,-0.0600245,-0.992052,1
bone[63] name=upperarm_twist_02_r parentIndex=38
  localBind=1,0,0,0,0,1,0,0,0,0,1,0,-0.180599,2.02019e-07,2.51698e-06,1
  inverseBindPose=0.603176,-0.0291639,-0.797075,0,0.0274434,-0.997981,0.0572822,0,-0.797136,-0.0564257,-0.601158,0,-0.86185,-0.0602515,-0.988085,1
bone[64] name=thigh_r parentIndex=1
  localBind=-0.995629,0.0835615,-0.0417045,0,-0.0765957,-0.986128,-0.147258,0,-0.0534311,-0.14342,0.988219,0,-0.0323204,-0.000679919,-0.111546,1
  inverseBindPose=-0.0417048,-0.147258,0.988219,0,0.0208343,-0.988992,-0.146494,0,0.998913,0.0144794,0.0443135,0,0.94958,-0.0288146,0.148656,1
bone[65] name=calf_r parentIndex=64
  localBind=0.999818,-0.0190833,0,0,0.0190833,0.999818,0,0,0,0,1,0,0.457519,-4.44089e-18,8.88178e-17,1
  inverseBindPose=-0.0388868,-0.148027,0.988218,0,0.0397037,-0.988415,-0.146494,0,0.998455,0.0335393,0.0443136,0,0.492522,-0.0194192,0.148656,1
bone[66] name=foot_r parentIndex=65
  localBind=0.999016,0.00198415,0.0443138,0,-0.00198214,0.999998,-8.9145e-05,0,-0.0443139,1.2209e-06,0.999018,0,0.417055,-5.77316e-17,-5.32907e-17,1
  inverseBindPose=0.00464964,-0.148037,0.988971,0,0.0312118,-0.988478,-0.14811,0,0.999502,0.0315562,2.44975e-05,0,0.0819415,-0.019582,0.145166,1
bone[67] name=ball_r parentIndex=66
  localBind=5.96046e-08,-1,0,0,1,5.96046e-08,0,0,0,0,1,0,0.0653676,0.136292,0.000438976,1
  inverseBindPose=0.148037,0.00464958,0.988971,0,0.988478,0.0312117,-0.14811,0,-0.0315561,0.999502,2.44379e-05,0,0.155874,0.0165739,0.144727,1
bone[68] name=calf_twist_02_r parentIndex=65
  localBind=0.999986,0.00198168,-0.00494298,0,-0.00198214,0.999998,-8.78109e-05,0,0.00494279,9.76073e-05,0.999988,0,0.139018,-8.43769e-17,-0.000499972,1
  inverseBindPose=-0.0440643,-0.148036,0.988,0,0.0384685,-0.988478,-0.146392,0,0.998288,0.0315562,0.0492514,0,0.352722,-0.020133,0.1509,1
bone[69] name=calf_twist_01_r parentIndex=65
  localBind=0.999986,0.00198168,-0.00494298,0,-0.00198214,0.999998,-8.78109e-05,0,0.00494279,9.76073e-05,0.999988,0,0.278036,-7.77156e-17,-0.000999944,1
  inverseBindPose=-0.0440643,-0.148036,0.988,0,0.0384685,-0.988478,-0.146392,0,0.998288,0.0315562,0.0492514,0,0.213704,-0.0198575,0.150712,1
bone[70] name=thigh_twist_01_r parentIndex=64
  localBind=0.999987,0.000930195,-0.00494378,0,-0.000930195,1,2.29936e-06,0,0.00494378,2.29936e-06,0.999988,0,0.152506,-8.88178e-18,1.42109e-16,1
  inverseBindPose=-0.0467265,-0.147217,0.988,0,0.0206383,-0.989012,-0.146391,0,0.998694,0.0135503,0.0492513,0,0.796302,-0.0295557,0.152595,1
bone[71] name=thigh_twist_02_r parentIndex=64
  localBind=0.999987,0.000930195,-0.00494378,0,-0.000930195,1,2.29936e-06,0,0.00494378,2.29936e-06,0.999988,0,0.305013,-3.9968e-17,5.32907e-17,1
  inverseBindPose=-0.0467265,-0.147217,0.988,0,0.0206383,-0.989012,-0.146391,0,0.998694,0.0135503,0.0492513,0,0.643798,-0.0294138,0.151841,1
bone[72] name=thigh_l parentIndex=1
  localBind=0.995629,-0.0835615,-0.0417045,0,0.0765957,0.986128,-0.147258,0,0.0534311,0.14342,0.988219,0,-0.0323199,-0.000680315,0.111546,1
  inverseBindPose=-0.0417045,-0.147258,0.988219,0,-0.0208343,0.988992,0.146494,0,-0.998913,-0.0144794,-0.0443134,0,-0.949581,0.028815,-0.148656,1
bone[73] name=calf_l parentIndex=72
  localBind=0.999818,-0.0190833,0,0,0.0190833,0.999818,0,0,0,0,1,0,-0.45752,3.10862e-17,-3.55271e-17,1
  inverseBindPose=-0.0388868,-0.148027,0.988218,0,-0.0397037,0.988415,0.146494,0,-0.998455,-0.0335393,-0.0443134,0,-0.492521,0.0194196,-0.148656,1
bone[74] name=foot_l parentIndex=73
  localBind=0.999016,0.00198415,0.0443138,0,-0.00198214,0.999998,-8.9145e-05,0,-0.0443139,1.2209e-06,0.999018,0,-0.417054,4.44089e-18,1.77636e-17,1
  inverseBindPose=0.00464964,-0.148037,0.988971,0,-0.0312118,0.988478,0.14811,0,-0.999502,-0.0315562,-2.44379e-05,0,-0.0819415,0.0195824,-0.145166,1
bone[75] name=ball_l parentIndex=74
  localBind=5.96046e-08,-1,0,0,1,5.96046e-08,0,0,0,0,1,0,-0.0653676,-0.136292,-0.000438902,1
  inverseBindPose=0.148037,0.00464949,0.988971,0,-0.988478,-0.0312119,0.14811,0,0.0315562,-0.999502,-2.46763e-05,0,-0.155875,-0.0165739,-0.144727,1
bone[76] name=calf_twist_02_l parentIndex=73
  localBind=0.999986,0.00198168,-0.00494298,0,-0.00198214,0.999998,-8.78109e-05,0,0.00494279,9.76073e-05,0.999988,0,-0.139018,-9.07254e-08,0.000500472,1
  inverseBindPose=-0.0440642,-0.148036,0.988,0,-0.0384686,0.988478,0.146392,0,-0.998288,-0.0315563,-0.0492512,0,-0.352722,0.0201334,-0.1509,1
bone[77] name=calf_twist_01_l parentIndex=73
  localBind=0.999986,0.00198168,-0.00494298,0,-0.00198214,0.999998,-8.78109e-05,0,0.00494279,9.76073e-05,0.999988,0,-0.278036,-9.74602e-08,0.00100047,1
  inverseBindPose=-0.0440642,-0.148036,0.988,0,-0.0384686,0.988478,0.146392,0,-0.998288,-0.0315563,-0.0492512,0,-0.213704,0.0198579,-0.150713,1
bone[78] name=thigh_twist_01_l parentIndex=72
  localBind=0.999987,0.000930195,-0.00494378,0,-0.000930195,1,2.29936e-06,0,0.00494378,2.29936e-06,0.999988,0,-0.152507,-2.8002e-08,1.59472e-07,1
  inverseBindPose=-0.0467267,-0.147217,0.988,0,-0.0206383,0.989011,0.146391,0,-0.998695,-0.0135503,-0.0492516,0,-0.796303,0.0295561,-0.152595,1
bone[79] name=thigh_twist_02_l parentIndex=72
  localBind=0.999987,0.000930195,-0.00494378,0,-0.000930195,1,2.29936e-06,0,0.00494378,2.29936e-06,0.999988,0,-0.305014,-5.6004e-08,3.18945e-07,1
  inverseBindPose=-0.0467267,-0.147217,0.988,0,-0.0206383,0.989011,0.146391,0,-0.998695,-0.0135503,-0.0492516,0,-0.643798,0.0294142,-0.151841,1
bone[80] name=ik_foot_root parentIndex=0
  localBind=1,0,0,0,0,1,0,0,0,0,1,0,0,0,0,1
  inverseBindPose=1,0,0,0,0,1,0,0,0,0,1,0,0,0,0,1
bone[81] name=ik_foot_l parentIndex=80
  localBind=0.00569665,-0.0101177,-0.999933,0,-0.090486,0.995841,-0.0105918,0,0.995881,0.0905402,0.00475746,0,0.147118,-0.000414524,-0.0814379,1
  inverseBindPose=0.00569665,-0.090486,0.995882,0,-0.0101176,0.995842,0.0905402,0,-0.999933,-0.0105917,0.00475746,0,-0.0822747,0.0128624,-0.146087,1
bone[82] name=ik_foot_r parentIndex=80
  localBind=0.00569665,0.0101177,0.999933,0,-0.0904855,-0.995841,0.0105918,0,0.995881,-0.0905397,-0.0047574,0,-0.147118,-0.000414162,-0.0814379,1
  inverseBindPose=0.00569665,-0.0904855,0.995882,0,0.0101176,-0.995842,-0.0905397,0,0.999933,0.0105918,-0.0047574,0,0.0822747,-0.0128619,0.146087,1
bone[83] name=ik_hand_root parentIndex=0
  localBind=1,0,0,0,0,1,0,0,0,0,1,0,0,0,0,1
  inverseBindPose=1,0,0,0,0,1,0,0,0,0,1,0,0,0,0,1
bone[84] name=ik_hand_gun parentIndex=83
  localBind=0.510157,0.354178,-0.783772,0,-0.790589,-0.165742,-0.589491,0,-0.338688,0.920374,0.195455,0,-0.455549,-0.144006,-1.05641,1
  inverseBindPose=0.510157,-0.790589,-0.338688,0,0.354178,-0.165741,0.920374,0,-0.783772,-0.589491,0.195455,0,-0.544577,-1.00676,0.18473,1
bone[85] name=ik_hand_l parentIndex=84
  localBind=-0.47948,-0.806649,-0.345569,0,-0.806649,0.25006,0.535526,0,-0.345568,0.535526,-0.770581,0,0.464803,-0.720305,-0.308576,1
  inverseBindPose=0.510157,-0.790588,-0.338688,0,-0.354178,0.165741,-0.920374,0,0.783771,0.589491,-0.195455,0,0.544576,1.00676,-0.184728,1
bone[86] name=ik_hand_r parentIndex=84
  localBind=1,0,0,0,0,1,0,0,0,0,1,0,0,0,0,1
  inverseBindPose=0.510157,-0.790589,-0.338688,0,0.354178,-0.165741,0.920374,0,-0.783772,-0.589491,0.195455,0,-0.544577,-1.00676,0.18473,1
bone[87] name=interaction parentIndex=0
  localBind=1,0,0,0,0,1,0,0,0,0,1,0,0,0,0,1
  inverseBindPose=1,2.77556e-17,5.05509e-17,0,-2.77556e-17,1,1.26631e-18,0,-5.05509e-17,-1.26631e-18,1,0,1.77636e-17,-1.8735e-18,3.55271e-17,1
bone[88] name=center_of_mass parentIndex=0
  localBind=1,0,0,0,0,1,0,0,0,0,1,0,0,0,0,1
  inverseBindPose=1,2.77556e-17,5.05509e-17,0,-2.77556e-17,1,1.26631e-18,0,-5.05509e-17,-1.26631e-18,1,0,1.77636e-17,-1.8735e-18,3.55271e-17,1
