boneCount=69
bone[0] name=RootNode parentIndex=-1
  localBind=1,0,0,0,0,1,0,0,0,0,1,0,0,0,0,1
  inverseBindPose=1,0,0,0,0,1,0,0,0,0,1,0,0,0,0,1
bone[1] name=Armature parentIndex=0
  localBind=1,0,0,0,0,1,0,0,0,0,1,0,0,0,0,1
  inverseBindPose=1,0,0,0,0,1,0,0,0,0,1,0,0,0,0,1
bone[2] name=mixamorig:Hips parentIndex=1
  localBind=0.359469,0.0384449,-0.932365,0,0.0365391,0.997805,0.0552308,0,0.932441,-0.0539215,0.357275,0,0.00772691,1.6183,0.00868108,1
  inverseBindPose=1,0,0,0,0,1,-7.54979e-08,0,0,7.54979e-08,1,0,0.000419201,-2.09151,-0.0141641,1
bone[3] name=mixamorig:Spine parentIndex=2
  localBind=0.999072,0.00978817,0.0419399,0,-0.011285,0.999302,0.0356039,0,-0.0415622,-0.0360442,0.998486,0,-0.00194803,0.198048,0.0388975,1
  inverseBindPose=0.999934,-0.0114498,0.0011499,0,0.0115074,0.994929,-0.0999207,0,8.73115e-10,0.0999273,0.994995,0,-0.0239798,-2.28327,0.175981,1
bone[4] name=mixamorig:Spine1 parentIndex=3
  localBind=0.999488,0.0105687,0.0301841,0,-0.00686178,0.992705,-0.120372,0,-0.0312361,0.120104,0.99227,0,7.15256e-09,0.236201,-9.53674e-09,1
  inverseBindPose=0.999992,-0.00392055,0.000168531,0,0.00392417,0.99907,-0.0429466,0,-6.54836e-11,0.0429469,0.999077,0,-0.00483516,-2.52552,0.0318282,1
bone[5] name=mixamorig:Spine2 parentIndex=4
  localBind=0.999385,-0.00650609,0.0344464,0,0.014046,0.974618,-0.223432,0,-0.0321184,0.223778,0.974111,0,-4.76837e-09,0.278335,0,1
  inverseBindPose=0.99983,0.0183111,0.00221714,0,-0.0184448,0.99258,0.120183,0,-3.25963e-09,-0.120204,0.992749,0,0.0578559,-2.77107,-0.424792,1
bone[6] name=mixamorig:Neck parentIndex=5
  localBind=0.99346,-0.0194795,0.11251,0,0.04815,0.964917,-0.258101,0,-0.103535,0.261831,0.959544,0,3.33786e-08,0.312941,6.91414e-08,1
  inverseBindPose=0.998904,0.0449289,0.0131493,0,-0.0468136,0.958689,0.280578,0,-6.51926e-09,-0.280886,0.959741,0,0.146175,-2.9703,-0.922453,1
bone[7] name=mixamorig:Head parentIndex=6
  localBind=0.791036,-0.349344,0.502215,0,0.297448,0.936984,0.183264,0,-0.53459,0.00441433,0.8451,0,8.34465e-09,0.231889,-8.52346e-08,1
  inverseBindPose=0.998904,0.0449289,0.0131493,0,-0.0468136,0.958689,0.280578,0,-3.72529e-09,-0.280886,0.959741,0,0.146175,-3.20219,-0.922453,1
bone[8] name=mixamorig:HeadTop_End parentIndex=7
  localBind=1,0,0,0,0,1,0,0,0,0,1,0,-0.0163981,0.397775,0.00361094,1
  inverseBindPose=0.998904,0.0449289,0.0131493,0,-0.0468135,0.958689,0.280578,0,-7.45058e-09,-0.280886,0.959741,0,0.162573,-3.59996,-0.926064,1
bone[9] name=mixamorig:RightEye parentIndex=7
  localBind=1,0,0,0,0,1,0,0,0,0,1,0,-0.0688148,0.20143,-0.112521,1
  inverseBindPose=0.998904,0.0449289,0.0131493,0,-0.0468136,0.958689,0.280578,0,-5.12227e-09,-0.280886,0.959741,0,0.214989,-3.40362,-0.809932,1
bone[10] name=mixamorig:LeftEye parentIndex=7
  localBind=1,0,0,0,0,1,0,0,0,0,1,0,0.0529535,0.21026,-0.113098,1
  inverseBindPose=0.998904,0.0449289,0.0131493,0,-0.0468135,0.958689,0.280578,0,-1.02445e-08,-0.280886,0.959741,0,0.093221,-3.41245,-0.809355,1
bone[11] name=mixamorig:LeftShoulder parentIndex=5
  localBind=-0.0667362,-0.117586,0.990818,0,0.994506,0.0724313,0.0755804,0,-0.0806535,0.990418,0.112106,0,0.126034,0.193137,-0.00359164,1
  inverseBindPose=-0.152443,0.987873,-0.0294637,0,-0.00449333,0.029119,0.999566,0,0.988302,0.15251,-2.38419e-07,0,-0.0288629,-0.218424,-2.98665,1
bone[12] name=mixamorig:LeftArm parentIndex=11
  localBind=0.827191,0.219406,-0.517317,0,-0.342358,0.926804,-0.154353,0,0.445585,0.304787,0.841759,0,-9.53674e-09,0.265833,-1.54972e-08,1
  inverseBindPose=2.98023e-07,1,6.25849e-07,0,-1.49012e-07,-7.15256e-07,1,0,1,-3.8743e-07,5.96047e-08,0,-0.102378,-0.385985,-2.99932,1
bone[13] name=mixamorig:LeftForeArm parentIndex=12
  localBind=0.5673,0.823511,-1.35009e-07,0,-0.823511,0.5673,-7.10543e-15,0,7.65903e-08,1.11181e-07,1,0,0,0.551277,2.98023e-07,1
  inverseBindPose=3.57628e-07,1,6.55651e-07,0,-1.78814e-07,-7.15256e-07,1,0,1,-4.17233e-07,1.19209e-07,0,-0.102379,-0.937262,-2.99932,1
bone[14] name=mixamorig:LeftHand parentIndex=13
  localBind=0.764925,-0.6416,0.0569022,0,0.602869,0.744245,0.287486,0,-0.2268,-0.1856,0.956093,0,2.98023e-08,0.527734,5.36442e-09,1
  inverseBindPose=2.38419e-07,1,1.19209e-07,0,-1.19209e-07,-2.38419e-07,1,0,1,-3.57628e-07,0,0,-0.102379,-1.465,-2.99932,1
bone[15] name=mixamorig:LeftHandMiddle1 parentIndex=14
  localBind=0.987982,-0.11805,0.099782,0,0.11805,0.159544,-0.980107,0,0.0997817,0.980107,0.171563,0,-4.84586e-07,0.277446,-2.41399e-07,1
  inverseBindPose=2.38419e-07,1,1.19209e-07,0,-1.19209e-07,-2.38419e-07,1,0,1,-3.57628e-07,0,0,-0.102379,-1.74244,-2.99932,1
bone[16] name=mixamorig:LeftHandMiddle2 parentIndex=15
  localBind=0.983616,-0.118305,0.136025,0,0.118305,-0.145724,-0.982226,0,0.136024,0.982226,-0.129341,0,0,0.0693159,3.17395e-07,1
  inverseBindPose=4.17233e-07,1,4.50015e-06,0,-2.08616e-07,-4.52995e-06,1,0,1,-4.47035e-07,1.78814e-07,0,-0.102379,-1.81175,-2.99933,1
bone[17] name=mixamorig:LeftHandMiddle3 parentIndex=16
  localBind=0.995047,-0.0904976,0.0411175,0,0.0904973,0.653669,-0.75135,0,0.0411182,0.75135,0.658622,0,3.29018e-07,0.0682359,1.84178e-07,1
  inverseBindPose=2.38419e-07,1,1.19209e-07,0,-1.19209e-07,-2.38419e-07,1,0,1,-3.57628e-07,0,0,-0.102379,-1.88,-2.99932,1
bone[18] name=mixamorig:LeftHandMiddle4 parentIndex=17
  localBind=1,0,0,0,0,1,0,0,0,0,1,0,3.29018e-07,0.0739272,6.65039e-07,1
  inverseBindPose=2.38419e-07,1,1.19209e-07,0,-1.19209e-07,-2.38419e-07,1,0,1,-3.57628e-07,0,0,-0.102379,-1.95392,-2.99932,1
bone[19] name=mixamorig:LeftHandThumb1 parentIndex=14
  localBind=0.962354,-0.0895135,0.256636,0,0.254018,0.632108,-0.732061,0,-0.0966921,0.769692,0.63105,0,-0.0612883,0.111231,-0.0329152,1
  inverseBindPose=0.3873,0.774596,0.499999,0,-0.223607,-0.447213,0.866026,0,0.894426,-0.447215,-4.76837e-07,0,0.0160828,0.12405,-3.3571,1
bone[20] name=mixamorig:LeftHandThumb2 parentIndex=19
  localBind=0.741003,-0.552972,-0.380967,0,0.658724,0.708744,0.252517,0,0.130373,-0.438068,0.889437,0,5.72205e-08,0.112243,-2.18153e-07,1
  inverseBindPose=0.387299,0.774597,0.5,0,-0.223607,-0.447213,0.866026,0,0.894427,-0.447215,4.17233e-07,0,0.016086,0.0118063,-3.3571,1
bone[21] name=mixamorig:LeftHandThumb3 parentIndex=20
  localBind=0.947855,-0.273203,-0.164104,0,0.303328,0.931337,0.201502,0,0.0977849,-0.240773,0.965643,0,-2.20537e-07,0.0895556,-5.71311e-07,1
  inverseBindPose=0.387299,0.774597,0.499999,0,-0.223608,-0.447212,0.866026,0,0.894427,-0.447215,1.3113e-06,0,0.0160876,-0.0777523,-3.3571,1
bone[22] name=mixamorig:LeftHandThumb4 parentIndex=21
  localBind=1,0,0,0,0,1,0,0,0,0,1,0,3.06368e-07,0.0579451,1.57654e-07,1
  inverseBindPose=0.387299,0.774597,0.499999,0,-0.223608,-0.447212,0.866026,0,0.894427,-0.447215,1.07288e-06,0,0.0160864,-0.135698,-3.3571,1
bone[23] name=mixamorig:LeftHandIndex1 parentIndex=14
  localBind=0.987978,-0.118055,0.0998148,0,0.118054,0.159253,-0.980154,0,0.0998162,0.980154,0.171275,0,-0.0515206,0.284902,-0.00454757,1
  inverseBindPose=2.38419e-07,1,1.19209e-07,0,-1.19209e-07,-2.38419e-07,1,0,1,-3.57628e-07,0,0,-0.0508585,-1.7499,-2.99478,1
bone[24] name=mixamorig:LeftHandIndex2 parentIndex=23
  localBind=0.98362,-0.118312,0.135989,0,0.11831,-0.145429,-0.98227,0,0.135991,0.982269,-0.129049,0,-6.19888e-08,0.0706287,4.6134e-07,1
  inverseBindPose=2.38419e-07,1,1.19209e-07,0,-1.19209e-07,-2.38419e-07,1,0,1,-3.57628e-07,0,0,-0.0508587,-1.82053,-2.99478,1
bone[25] name=mixamorig:LeftHandIndex3 parentIndex=24
  localBind=0.995047,-0.0904974,0.041118,0,0.0904974,0.653666,-0.751353,0,0.041118,0.751353,0.658619,0,-3.12328e-07,0.0649528,2.39611e-07,1
  inverseBindPose=2.38419e-07,1,1.19209e-07,0,-1.19209e-07,-2.38419e-07,1,0,1,-3.57628e-07,0,0,-0.0508584,-1.88548,-2.99478,1
bone[26] name=mixamorig:LeftHandIndex4 parentIndex=25
  localBind=1,0,0,0,0,1,0,0,0,0,1,0,-3.67165e-07,0.0659342,-3.67761e-07,1
  inverseBindPose=2.38419e-07,1,1.19209e-07,0,-1.19209e-07,-2.38419e-07,1,0,1,-3.57628e-07,0,0,-0.0508581,-1.95142,-2.99478,1
bone[27] name=mixamorig:LeftHandRing1 parentIndex=14
  localBind=0.987978,-0.118055,0.0998148,0,0.118055,0.159267,-0.980151,0,0.0998145,0.980151,0.17129,0,0.0424102,0.254841,0.000792282,1
  inverseBindPose=3.57628e-07,1,5.96047e-08,0,-5.96046e-08,-1.19209e-07,1,0,1,-4.17233e-07,0,0,-0.144789,-1.71984,-3.00012,1
bone[28] name=mixamorig:LeftHandRing2 parentIndex=27
  localBind=0.98362,-0.11831,0.135991,0,0.11831,-0.145442,-0.982267,0,0.135991,0.982267,-0.129063,0,-3.79086e-07,0.0630983,-2.05636e-07,1
  inverseBindPose=3.57628e-07,1,5.96047e-08,0,-5.96046e-08,-1.19209e-07,1,0,1,-4.17233e-07,0,0,-0.144789,-1.78294,-3.00012,1
bone[29] name=mixamorig:LeftHandRing3 parentIndex=28
  localBind=0.995047,-0.0904989,0.0411165,0,0.0904973,0.653666,-0.751353,0,0.0411201,0.751353,0.658618,0,7.15256e-09,0.0635956,2.72766e-07,1
  inverseBindPose=-1.19209e-06,1,5.96047e-08,0,-1.57952e-06,-2.38419e-07,1,0,1,1.10269e-06,1.49012e-06,0,-0.144782,-1.84653,-3.00012,1
bone[30] name=mixamorig:LeftHandRing4 parentIndex=29
  localBind=1,0,0,0,0,1,0,0,0,0,1,0,-4.43459e-07,0.0703782,-2.64868e-07,1
  inverseBindPose=2.38419e-07,1,1.19209e-07,0,-1.19209e-07,-2.38419e-07,1,0,1,-3.57628e-07,0,0,-0.144789,-1.91691,-3.00011,1
bone[31] name=mixamorig:LeftHandPinky1 parentIndex=14
  localBind=0.977127,-0.129329,0.168811,0,0.188495,0.15922,-0.969081,0,0.0984519,0.978735,0.179956,0,0.0878093,0.219058,-0.00441043,1
  inverseBindPose=1.19209e-07,1,5.96047e-08,0,-2.98023e-07,-1.19209e-07,1,0,1,-1.78814e-07,2.38419e-07,0,-0.190188,-1.68406,-2.99491,1
bone[32] name=mixamorig:LeftHandPinky2 parentIndex=31
  localBind=0.989481,-0.0472535,0.13673,0,0.128608,-0.145439,-0.980973,0,0.0662402,0.988238,-0.137832,0,-6.67572e-08,0.065367,1.90735e-08,1
  inverseBindPose=2.14577e-06,1,7.27177e-06,0,1.54972e-06,-7.39098e-06,1,0,1,-2.26498e-06,-1.66893e-06,0,-0.190197,-1.7494,-2.99493,1
bone[33] name=mixamorig:LeftHandPinky3 parentIndex=32
  localBind=0.995047,-0.0904996,0.0411153,0,0.0904971,0.653672,-0.751348,0,0.0411208,0.751348,0.658624,0,-3.55244e-07,0.0414905,-6.55651e-09,1
  inverseBindPose=2.38419e-07,1,5.96047e-08,0,-1.78814e-07,-1.19209e-07,1,0,1,-2.98023e-07,1.19209e-07,0,-0.190188,-1.79091,-2.99491,1
bone[34] name=mixamorig:LeftHandPinky4 parentIndex=33
  localBind=1,0,0,0,0,1,0,0,0,0,1,0,1.7643e-07,0.0556353,-3.17991e-07,1
  inverseBindPose=2.38419e-07,1,5.96047e-08,0,-1.78814e-07,-1.19209e-07,1,0,1,-2.98023e-07,1.19209e-07,0,-0.190188,-1.84655,-2.99491,1
bone[35] name=mixamorig:RightShoulder parentIndex=5
  localBind=-0.18888,0.0838645,-0.978412,0,-0.974076,-0.142318,0.175844,0,-0.124499,0.986262,0.108572,0,-0.129896,0.191034,0.0011624,1
  inverseBindPose=-0.201629,-0.979306,0.0174998,0,0.00352952,0.01714,0.999847,0,-0.979456,0.20166,3.57628e-07,0,0.028144,-0.194598,-2.99201,1
bone[36] name=mixamorig:RightArm parentIndex=35
  localBind=0.10428,-0.910024,0.401225,0,0.982515,0.0316979,-0.183465,0,0.15424,0.413341,0.897418,0,3.8147e-08,0.268919,1.4782e-07,1
  inverseBindPose=9.53674e-07,-1,0,0,0,0,1,0,-1,-9.53674e-07,0,0,0.12104,-0.39589,-2.9994,1
bone[37] name=mixamorig:RightForeArm parentIndex=36
  localBind=-0.221668,-0.975122,-1.6673e-07,0,0.975122,-0.221668,3.22141e-07,0,-3.51086e-07,-9.11731e-08,1,0,1.19209e-08,0.558427,1.71661e-07,1
  inverseBindPose=5.96046e-07,-1,-1.19209e-07,0,0,-2.38419e-07,1,0,-1,-7.15256e-07,-1.19209e-07,0,0.12104,-0.954317,-2.9994,1
bone[38] name=mixamorig:RightHand parentIndex=37
  localBind=0.880132,0.148383,-0.450944,0,-0.126446,0.988855,0.0785909,0,0.45758,-0.01215,0.889085,0,4.00543e-07,0.503137,-1.71661e-07,1
  inverseBindPose=7.15256e-07,-1,-5.96046e-08,0,-5.96047e-08,-1.19209e-07,1,0,-1,-7.7486e-07,-1.19209e-07,0,0.121041,-1.45745,-2.9994,1
bone[39] name=mixamorig:RightHandMiddle1 parentIndex=38
  localBind=0.991043,0.111454,-0.0735609,0,-0.111454,0.386892,-0.915365,0,-0.0735611,0.915365,0.395849,0,1.57356e-07,0.260655,1.80453e-07,1
  inverseBindPose=5.96046e-07,-1,-1.19209e-07,0,0,-2.38419e-07,1,0,-1,-7.15256e-07,-1.19209e-07,0,0.121041,-1.71811,-2.9994,1
bone[40] name=mixamorig:RightHandMiddle2 parentIndex=39
  localBind=0.984455,0.120618,-0.127673,0,-0.120618,-0.0641122,-0.990627,0,-0.127673,0.990627,-0.0485668,0,5.28097e-07,0.0615998,-1.75238e-07,1
  inverseBindPose=5.96046e-07,-1,-1.19209e-07,0,0,-2.38419e-07,1,0,-1,-7.15256e-07,-1.19209e-07,0,0.121041,-1.77971,-2.9994,1
bone[41] name=mixamorig:RightHandMiddle3 parentIndex=40
  localBind=0.995385,0.0881626,-0.0379059,0,-0.0881625,0.684064,-0.724074,0,-0.0379062,0.724074,0.68868,0,4.76837e-07,0.0727908,-2.00272e-07,1
  inverseBindPose=5.96047e-07,-1,-1.19209e-07,0,0,-2.38419e-07,1,0,-1,-7.15256e-07,-1.19209e-07,0,0.12104,-1.8525,-2.9994,1
bone[42] name=mixamorig:RightHandMiddle4 parentIndex=41
  localBind=1,0,0,0,0,1,0,0,0,0,1,0,-5.88745e-07,0.0745996,4.29153e-08,1
  inverseBindPose=5.96047e-07,-1,-1.19209e-07,0,0,-2.38419e-07,1,0,-1,-7.15256e-07,-1.19209e-07,0,0.121041,-1.9271,-2.9994,1
bone[43] name=mixamorig:RightHandThumb1 parentIndex=38
  localBind=0.986424,-0.111911,-0.120181,0,0.00240233,0.741593,-0.670846,0,0.164201,0.66145,0.731794,0,0.0615707,0.0950195,-0.0393002,1
  inverseBindPose=0.387301,-0.774593,-0.500004,0,0.223611,-0.447216,0.866023,0,-0.894425,-0.447218,-1.19209e-07,0,-0.0074432,0.147863,-3.33976,1
bone[44] name=mixamorig:RightHandThumb2 parentIndex=43
  localBind=0.556567,0.824426,-0.102737,0,-0.829779,0.557752,-0.0194837,0,0.0412388,0.0960928,0.994518,0,-2.38419e-09,0.103491,-4.76837e-08,1
  inverseBindPose=0.387302,-0.774593,-0.500004,0,0.223611,-0.447216,0.866023,0,-0.894425,-0.447219,-3.57628e-07,0,-0.0074424,0.0443723,-3.33975,1
bone[45] name=mixamorig:RightHandThumb3 parentIndex=44
  localBind=0.919802,0.391643,-0.0240635,0,-0.392043,0.919827,-0.0148726,0,0.0163095,0.0231138,0.9996,0,-9.53674e-08,0.0857472,7.15256e-08,1
  inverseBindPose=0.387301,-0.774594,-0.500002,0,0.223612,-0.447214,0.866025,0,-0.894425,-0.447219,1.66893e-06,0,-0.00744507,-0.0413839,-3.33976,1
bone[46] name=mixamorig:RightHandThumb4 parentIndex=45
  localBind=1,0,0,0,0,1,0,0,0,0,1,0,-2.86102e-08,0.0613888,2.86102e-08,1
  inverseBindPose=0.3873,-0.774593,-0.500006,0,0.223612,-0.447218,0.866022,0,-0.894426,-0.447217,7.15256e-07,0,-0.00744866,-0.102759,-3.33976,1
bone[47] name=mixamorig:RightHandIndex1 parentIndex=38
  localBind=0.991043,0.111454,-0.073561,0,-0.111454,0.386892,-0.915365,0,-0.0735611,0.915365,0.395849,0,0.0510665,0.26603,-0.00546349,1
  inverseBindPose=7.15256e-07,-1,-5.96046e-08,0,-5.96047e-08,-1.19209e-07,1,0,-1,-7.7486e-07,-1.19209e-07,0,0.0699748,-1.72348,-2.99393,1
bone[48] name=mixamorig:RightHandIndex2 parentIndex=47
  localBind=0.984455,0.120618,-0.127673,0,-0.120618,-0.0641122,-0.990627,0,-0.127673,0.990627,-0.0485668,0,-1.07288e-07,0.0709213,5.72205e-08,1
  inverseBindPose=5.96047e-07,-1,-1.19209e-07,0,0,-2.38419e-07,1,0,-1,-7.15256e-07,-1.19209e-07,0,0.0699749,-1.79441,-2.99393,1
bone[49] name=mixamorig:RightHandIndex3 parentIndex=48
  localBind=0.995385,0.0881626,-0.0379059,0,-0.0881625,0.684064,-0.724074,0,-0.0379062,0.724074,0.68868,0,1.78814e-07,0.0741442,-1.23978e-07,1
  inverseBindPose=5.96047e-07,-1,-1.19209e-07,0,0,-2.38419e-07,1,0,-1,-7.15256e-07,-1.19209e-07,0,0.0699748,-1.86855,-2.99393,1
bone[50] name=mixamorig:RightHandIndex4 parentIndex=49
  localBind=1,0,0,0,0,1,0,0,0,0,1,0,3.52561e-07,0.0552252,-1.19209e-07,1
  inverseBindPose=5.96047e-07,-1,-1.19209e-07,0,0,-2.38419e-07,1,0,-1,-7.15256e-07,-1.19209e-07,0,0.0699744,-1.92378,-2.99393,1
bone[51] name=mixamorig:RightHandRing1 parentIndex=38
  localBind=0.991043,0.111454,-0.073561,0,-0.111454,0.386892,-0.915365,0,-0.073561,0.915365,0.395849,0,-0.0398393,0.240873,1.3617e-05,1
  inverseBindPose=7.15256e-07,-1,-5.96047e-08,0,-5.96047e-08,-1.19209e-07,1,0,-1,-7.7486e-07,-1.19209e-07,0,0.160881,-1.69833,-2.99941,1
bone[52] name=mixamorig:RightHandRing2 parentIndex=51
  localBind=0.984455,0.120619,-0.127672,0,-0.120618,-0.0641079,-0.990627,0,-0.127673,0.990627,-0.0485625,0,-5.96046e-09,0.0685749,-9.17912e-08,1
  inverseBindPose=8.34465e-07,-1,4.41074e-06,0,0,4.41074e-06,1,0,-1,-8.34465e-07,0,0,0.160881,-1.76691,-2.9994,1
bone[53] name=mixamorig:RightHandRing3 parentIndex=52
  localBind=0.995385,0.0881626,-0.0379061,0,-0.0881625,0.684061,-0.724077,0,-0.0379065,0.724077,0.688676,0,2.95639e-07,0.0683547,-3.43323e-07,1
  inverseBindPose=4.76837e-07,-1,-5.96047e-08,0,1.78814e-07,-1.19209e-07,1,0,-1,-5.36442e-07,1.19209e-07,0,0.16088,-1.83526,-2.99941,1
bone[54] name=mixamorig:RightHandRing4 parentIndex=53
  localBind=1,0,0,0,0,1,0,0,0,0,1,0,3.8296e-08,0.0601715,-6.19888e-08,1
  inverseBindPose=2.5034e-06,-1,5.126e-06,0,-1.66893e-06,5.126e-06,1,0,-1,-2.5034e-06,-1.66893e-06,0,0.160889,-1.89544,-2.9994,1
bone[55] name=mixamorig:RightHandPinky1 parentIndex=38
  localBind=0.991041,0.111461,-0.0735761,0,-0.111471,0.38689,-0.915363,0,-0.0735614,0.915365,0.395849,0,-0.0854109,0.209894,-0.00497766,1
  inverseBindPose=4.76837e-07,-1,-1.19209e-07,0,1.19209e-07,-2.38419e-07,1,0,-1,-5.96047e-07,0,0,0.206451,-1.66735,-2.99442,1
bone[56] name=mixamorig:RightHandPinky2 parentIndex=55
  localBind=0.984457,0.120601,-0.127673,0,-0.120619,-0.0641104,-0.990627,0,-0.127656,0.990629,-0.0485671,0,5.36442e-07,0.0593959,-1.39475e-07,1
  inverseBindPose=8.34465e-07,-1,-1.19209e-07,0,-2.38419e-07,-2.38419e-07,1,0,-1,-9.53674e-07,-3.57628e-07,0,0.206453,-1.72674,-2.99442,1
bone[57] name=mixamorig:RightHandPinky3 parentIndex=56
  localBind=0.995385,0.0881626,-0.0379058,0,-0.088163,0.684075,-0.724064,0,-0.0379049,0.724064,0.688691,0,-2.21729e-07,0.0376473,7.62939e-08,1
  inverseBindPose=7.7486e-07,-1,-5.96046e-08,0,-1.49012e-07,-2.38419e-07,1,0,-1,-8.64267e-07,-2.38419e-07,0,0.206452,-1.76439,-2.99442,1
bone[58] name=mixamorig:RightHandPinky4 parentIndex=57
  localBind=1,1.79537e-06,1.79779e-06,0,-1.79535e-06,1,-9.57167e-06,0,-1.79781e-06,9.57167e-06,1,0,-7.80821e-08,0.0637046,-2.57492e-07,1
  inverseBindPose=-8.34465e-07,-1,-9.53674e-06,0,1.78814e-06,-9.53674e-06,1,0,-1,8.34465e-07,1.78814e-06,0,0.206444,-1.82807,-2.99444,1
bone[59] name=mixamorig:LeftUpLeg parentIndex=2
  localBind=-0.777957,-0.391394,-0.491522,0,0.619272,-0.609891,-0.494504,0,-0.106229,-0.689089,0.716849,0,0.185244,-0.138385,-0.0266202,1
  inverseBindPose=-0.999989,-0.00476803,9.59866e-07,0,0.0047673,-0.999832,0.0177225,0,-8.35417e-05,0.0177223,0.999843,0,0.17551,1.9539,-0.0221604,1
bone[60] name=mixamorig:LeftLeg parentIndex=59
  localBind=0.990891,0.0628266,-0.119113,0,0.0959053,0.291706,0.951688,0,0.0945373,-0.954443,0.283023,0,1.33514e-07,0.852457,-9.53674e-09,1
  inverseBindPose=-0.999986,0.00526778,-1.57233e-06,0,-0.00525834,-0.998177,0.0601209,0,0.000315134,0.0601201,0.998191,0,0.186545,1.09769,-0.0688281,1
bone[61] name=mixamorig:LeftFoot parentIndex=60
  localBind=0.936142,-0.330903,-0.118915,0,0.0376306,0.430532,-0.901791,0,0.349602,0.839729,0.415491,0,1.90735e-08,0.855711,-5.24521e-08,1
  inverseBindPose=-0.996559,0.082894,-1.75089e-07,0,-0.0547894,-0.658684,-0.750422,0,-0.0622056,-0.74784,0.660959,0,0.20151,0.187568,0.149342,1
bone[62] name=mixamorig:LeftToeBase parentIndex=61
  localBind=0.995356,-0.0955486,0.011713,0,0.0781745,0.731305,-0.677556,0,0.0561737,0.675324,0.735378,0,-2.30968e-08,0.324812,5.96046e-08,1
  inverseBindPose=-0.999851,-0.0172847,-6.70552e-08,0,-0.000227074,0.0131391,-0.999914,0,0.0172832,-0.999764,-0.0131413,0,0.215432,-0.185528,0.0302252,1
bone[63] name=mixamorig:LeftToe_End parentIndex=62
  localBind=1,0,0,0,0,1,0,0,0,0,1,0,3.19234e-08,0.190648,-2.49594e-09,1
  inverseBindPose=-0.999851,-0.0172849,1.25729e-07,0,-0.000227272,0.0131393,-0.999914,0,0.0172834,-0.999764,-0.0131414,0,0.215432,-0.376176,0.0302251,1
bone[64] name=mixamorig:RightUpLeg parentIndex=2
  localBind=-0.91951,0.373928,0.121156,0,-0.370551,-0.721813,-0.584532,0,-0.131121,-0.582378,0.802274,0,-0.184403,-0.144117,-0.00160342,1
  inverseBindPose=-0.999979,0.00647552,-1.74922e-06,0,-0.00647505,-0.999909,-0.0118216,0,-7.83003e-05,-0.0118214,0.99993,0,-0.172208,1.94856,0.0104611,1
bone[65] name=mixamorig:RightLeg parentIndex=64
  localBind=0.993029,-0.0397282,-0.110972,0,0.116963,0.215607,0.96945,0,-0.0145882,-0.975672,0.21875,0,2.86102e-08,0.848197,9.53674e-09,1
  inverseBindPose=-0.999976,-0.00695367,-1.71509e-07,0,0.00694097,-0.998151,0.0603811,0,-0.000420042,0.0603797,0.998176,0,-0.186954,1.09584,-0.0689046,1
bone[66] name=mixamorig:RightFoot parentIndex=65
  localBind=0.931465,0.36327,-0.0201877,0,-0.0637203,0.108254,-0.992079,0,-0.358207,0.925373,0.123982,0,-8.10623e-08,0.854195,3.57628e-09,1
  inverseBindPose=-0.995418,-0.0956208,1.08033e-07,0,0.062595,-0.651618,-0.75596,0,0.0722856,-0.752496,0.654618,0,-0.203771,0.183727,0.151041,1
bone[67] name=mixamorig:RightToeBase parentIndex=66
  localBind=0.995723,-0.0085309,0.0919901,0,0.0671464,0.75073,-0.657188,0,-0.0634533,0.660554,0.748092,0,6.91414e-08,0.329812,-3.33786e-08,1
  inverseBindPose=-0.990345,-0.138624,-1.56462e-07,0,-0.00159738,0.011413,-0.999934,0,0.138615,-0.990279,-0.0115242,0,-0.187761,-0.222602,0.0295061,1
bone[68] name=mixamorig:RightToe_End parentIndex=67
  localBind=1,0,0,0,0,1,0,0,0,0,1,0,4.67896e-08,0.197023,-7.15256e-09,1
  inverseBindPose=-0.990345,-0.138624,1.71363e-07,0,-0.00159768,0.0114127,-0.999934,0,0.138615,-0.99028,-0.0115241,0,-0.187761,-0.419626,0.0295062,1
