boneCount=65
bone[0] name=mixamorig1:Hips parentIndex=-1
  localBind=1,0,0,0,0,1,0,0,0,0,1,0,0,0.988801,0.00444275,1
  inverseBindPose=1,0,0,0,0,1,0,0,0,0,1,0,0,-0.988801,-0.00444275,1
bone[1] name=mixamorig1:Spine parentIndex=0
  localBind=1,0,0,0,0,1,0,0,0,0,1,0,0,0,0,1
  inverseBindPose=1,0,0,0,0,0.996264,-0.0863596,0,0,0.0863596,0.996264,0,0,-1.09824,0.0809663,1
bone[2] name=mixamorig1:Spine1 parentIndex=1
  localBind=1,0,0,0,0,1,0,0,0,0,1,0,0,0.131543,-6.39888e-10,1
  inverseBindPose=1,0,0,0,0,0.996264,-0.0863597,0,0,0.0863597,0.996264,0,0,-1.22979,0.0809664,1
bone[3] name=mixamorig1:Spine2 parentIndex=2
  localBind=1,0,0,0,0,1,0,0,0,0,1,0,0,0.150335,1.06443e-10,1
  inverseBindPose=1,0,0,0,0,0.996264,-0.0863597,0,0,0.0863597,0.996264,0,0,-1.38012,0.0809664,1
bone[4] name=mixamorig1:Neck parentIndex=3
  localBind=1,0,0,0,0,1,0,0,0,0,1,0,0,0,0,1
  inverseBindPose=1,0,0,0,0,1,-1.38778e-17,0,0,1.38778e-17,1,0,0,-1.55045,-0.0531286,1
bone[5] name=mixamorig1:Head parentIndex=4
  localBind=1,0,0,0,0,1,0,0,0,0,1,0,0,0.0839508,-0.0275177,1
  inverseBindPose=1,0,0,0,0,1,-1.38778e-17,0,0,1.38778e-17,1,0,0,-1.6344,-0.0256109,1
bone[6] name=mixamorig1:HeadTop_End parentIndex=5
  localBind=1,0,0,0,0,1,0,0,0,0,1,0,0,0.2056,-0.0673924,1
  inverseBindPose=1,0,0,0,0,1,-1.38778e-17,0,0,1.38778e-17,1,0,0,-1.84,0.0417816,1
bone[7] name=mixamorig1:LeftShoulder parentIndex=3
  localBind=1,0,0,0,0,1,0,0,0,0,1,0,0,0,0,1
  inverseBindPose=-0.027899,0.971603,0.234968,0,-0.0865525,-0.236525,0.967763,0,0.995857,0.0066624,0.0906933,0,0.0812487,0.291496,-1.50491,1
bone[8] name=mixamorig1:LeftArm parentIndex=7
  localBind=1,0,0,0,0,1,0,0,0,0,1,0,0,0,0,1
  inverseBindPose=-0.0816903,0.990716,0.108668,0,-0.0733144,-0.11471,0.99069,0,0.993958,0.0729628,0.0820043,0,0.0733385,-0.0496202,-1.51105,1
bone[9] name=mixamorig1:LeftForeArm parentIndex=8
  localBind=1,0,0,0,0,1,0,0,0,0,1,0,0,0,0,1
  inverseBindPose=0.159941,0.987021,0.0144294,0,-0.0988425,0.00146925,0.995102,0,0.982165,-0.160584,0.0977946,0,0.00451068,-0.428671,-1.47685,1
bone[10] name=mixamorig1:LeftHand parentIndex=9
  localBind=1,0,0,0,0,1,0,0,0,0,1,0,0,0,0,1
  inverseBindPose=0.173703,0.940675,0.291476,0,-0.257024,-0.242414,0.935508,0,0.950666,-0.237417,0.199668,0,0.228257,-0.307675,-1.58952,1
bone[11] name=mixamorig1:LeftHandThumb1 parentIndex=10
  localBind=1,0,0,0,0,1,0,0,0,0,1,0,0,0,0,1
  inverseBindPose=0.763252,0.460713,0.452979,0,-0.353267,-0.289439,0.889622,0,0.540971,-0.839028,-0.0581603,0,-0.0410037,0.0741346,-1.63013,1
bone[12] name=mixamorig1:LeftHandThumb2 parentIndex=11
  localBind=1,0,0,0,0,1,0,0,0,0,1,0,0,0,0,1
  inverseBindPose=0.763252,0.410495,0.49894,0,-0.353267,-0.381436,0.85423,0,0.540971,-0.828252,-0.146117,0,-0.0423206,0.208593,-1.61716,1
bone[13] name=mixamorig1:LeftHandThumb3 parentIndex=12
  localBind=1,0,0,0,0,1,0,0,0,0,1,0,0,0,0,1
  inverseBindPose=0.763251,0.426287,0.485517,0,-0.353267,-0.353842,0.866024,0,0.540971,-0.832512,-0.119477,0,-0.0440959,0.121016,-1.62188,1
bone[14] name=mixamorig1:LeftHandThumb4 parentIndex=13
  localBind=1,0,0,0,0,1,0,0,0,0,1,0,-0.00309233,0.0276809,-7.98283e-11,1
  inverseBindPose=0.763251,0.426287,0.485517,0,-0.353267,-0.353842,0.866024,0,0.540971,-0.832512,-0.119477,0,-0.0410036,0.0933351,-1.62188,1
bone[15] name=mixamorig1:LeftHandIndex1 parentIndex=10
  localBind=1,0,0,0,0,1,0,0,0,0,1,0,0,0,0,1
  inverseBindPose=0.389181,0.857344,0.336897,0,-0.30665,-0.22429,0.925019,0,0.868622,-0.463309,0.175615,0,0.157241,-0.383844,-1.61199,1
bone[16] name=mixamorig1:LeftHandIndex2 parentIndex=15
  localBind=1,0,0,0,0,1,0,0,0,0,1,0,0,0,0,1
  inverseBindPose=0.389181,0.664096,0.638369,0,-0.30665,-0.560077,0.769597,0,0.868622,-0.495268,-0.0143268,0,0.156355,0.230771,-1.64856,1
bone[17] name=mixamorig1:LeftHandIndex3 parentIndex=16
  localBind=1,0,0,0,0,1,0,0,0,0,1,0,0,0,0,1
  inverseBindPose=0.389181,0.514088,0.764364,0,-0.30665,-0.710152,0.633759,0,0.868622,-0.481039,-0.118733,0,0.156588,0.546839,-1.56839,1
bone[18] name=mixamorig1:LeftHandIndex4 parentIndex=17
  localBind=1,0,0,0,0,1,0,0,0,0,1,0,-0.000653837,0.023067,-1.4e-10,1
  inverseBindPose=0.389181,0.514088,0.764364,0,-0.30665,-0.710152,0.633759,0,0.868622,-0.481039,-0.118733,0,0.157242,0.523772,-1.56839,1
bone[19] name=mixamorig1:LeftHandMiddle1 parentIndex=10
  localBind=1,0,0,0,0,1,0,0,0,0,1,0,0,0,0,1
  inverseBindPose=0.256172,0.920962,0.293607,0,-0.277445,-0.220908,0.934999,0,0.925959,-0.320981,0.198926,0,0.200917,-0.439686,-1.59135,1
bone[20] name=mixamorig1:LeftHandMiddle2 parentIndex=19
  localBind=1,0,0,0,0,1,0,0,0,0,1,0,0,0,0,1
  inverseBindPose=0.256172,0.652511,0.713165,0,-0.277446,-0.657107,0.700881,0,0.925959,-0.377411,0.0127036,0,0.200425,0.382021,-1.61564,1
bone[21] name=mixamorig1:LeftHandMiddle3 parentIndex=20
  localBind=1,0,0,0,0,1,0,0,0,0,1,0,0,0,0,1
  inverseBindPose=0.256172,0.606571,0.752627,0,-0.277446,-0.699709,0.658356,0,0.925959,-0.377466,-0.0109558,0,0.200659,0.451412,-1.59049,1
bone[22] name=mixamorig1:LeftHandMiddle4 parentIndex=21
  localBind=1,0,0,0,0,1,0,0,0,0,1,0,-0.000257582,0.0250118,2.99513e-10,1
  inverseBindPose=0.256172,0.606571,0.752627,0,-0.277446,-0.699709,0.658356,0,0.925959,-0.377466,-0.0109558,0,0.200917,0.4264,-1.59049,1
bone[23] name=mixamorig1:LeftHandRing1 parentIndex=10
  localBind=1,0,0,0,0,1,0,0,0,0,1,0,0,0,0,1
  inverseBindPose=0.0494514,0.933514,0.355115,0,-0.223189,-0.33623,0.914952,0,0.97352,-0.124503,0.191722,0,0.270165,-0.286603,-1.61339,1
bone[24] name=mixamorig1:LeftHandRing2 parentIndex=23
  localBind=1,0,0,0,0,1,0,0,0,0,1,0,0,0,0,1
  inverseBindPose=0.0494514,0.729283,0.682423,0,-0.223189,-0.657912,0.719263,0,0.97352,-0.187878,0.130233,0,0.270431,0.318601,-1.61297,1
bone[25] name=mixamorig1:LeftHandRing3 parentIndex=24
  localBind=1,0,0,0,0,1,0,0,0,0,1,0,0,0,0,1
  inverseBindPose=0.0494514,0.718903,0.693349,0,-0.223189,-0.66869,0.709254,0,0.97352,-0.189821,0.127383,0,0.270291,0.314616,-1.60841,1
bone[26] name=mixamorig1:LeftHandRing4 parentIndex=25
  localBind=1,0,0,0,0,1,0,0,0,0,1,0,0.000125347,0.022799,2.20542e-10,1
  inverseBindPose=0.0494514,0.718903,0.693349,0,-0.223189,-0.66869,0.709254,0,0.97352,-0.189821,0.127383,0,0.270165,0.291817,-1.60841,1
bone[27] name=mixamorig1:LeftHandPinky1 parentIndex=10
  localBind=1,0,0,0,0,1,0,0,0,0,1,0,0,0,0,1
  inverseBindPose=-0.0104961,0.871872,0.489621,0,-0.205591,-0.481069,0.852235,0,0.978582,-0.0917166,0.184298,0,0.270236,-0.0158202,-1.63335,1
bone[28] name=mixamorig1:LeftHandPinky2 parentIndex=27
  localBind=1,0,0,0,0,1,0,0,0,0,1,0,0,0,0,1
  inverseBindPose=-0.0104963,0.849158,0.528034,0,-0.205591,-0.518614,0.829923,0,0.978582,-0.099848,0.180023,0,0.270117,0.0285999,-1.6337,1
bone[29] name=mixamorig1:LeftHandPinky3 parentIndex=28
  localBind=1,0,0,0,0,1,0,0,0,0,1,0,0,0,0,1
  inverseBindPose=-0.0104963,0.875869,0.482434,0,-0.205591,-0.474044,0.856163,0,0.978582,-0.0901977,0.185047,0,0.270107,-0.0830471,-1.63159,1
bone[30] name=mixamorig1:LeftHandPinky4 parentIndex=29
  localBind=1,0,0,0,0,1,0,0,0,0,1,0,-0.000128733,0.0195785,-3.97851e-10,1
  inverseBindPose=-0.0104963,0.875869,0.482434,0,-0.205591,-0.474044,0.856163,0,0.978582,-0.0901977,0.185047,0,0.270236,-0.102626,-1.63159,1
bone[31] name=mixamorig1:RightShoulder parentIndex=3
  localBind=1,0,0,0,0,1,0,0,0,0,1,0,0,0,0,1
  inverseBindPose=-0.0142319,-0.971603,-0.23619,0,0.0865215,-0.236525,0.967766,0,-0.996148,-0.00666243,0.0874307,0,-0.0811945,0.292204,-1.50474,1
bone[32] name=mixamorig1:RightArm parentIndex=31
  localBind=1,0,0,0,0,1,0,0,0,0,1,0,0,0,0,1
  inverseBindPose=-0.0916831,-0.989888,-0.108238,0,0.0673803,-0.114614,0.991122,0,-0.993506,0.0835761,0.0772071,0,-0.069672,-0.0499103,-1.5111,1
bone[33] name=mixamorig1:RightForeArm parentIndex=32
  localBind=1,0,0,0,0,1,0,0,0,0,1,0,0,0,0,1
  inverseBindPose=0.157043,-0.987502,-0.0133272,0,0.093735,0.00147015,0.995596,0,-0.983133,-0.1576,0.0927943,0,0.00119524,-0.429193,-1.47667,1
bone[34] name=mixamorig1:RightHand parentIndex=33
  localBind=1,0,0,0,0,1,0,0,0,0,1,0,0,0,0,1
  inverseBindPose=0.171775,-0.942796,-0.285708,0,0.263313,-0.235528,0.935517,0,-0.949294,-0.235929,0.207793,0,-0.238697,-0.319302,-1.58569,1
bone[35] name=mixamorig1:RightHandThumb1 parentIndex=34
  localBind=1,0,0,0,0,1,0,0,0,0,1,0,0,0,0,1
  inverseBindPose=0.732082,-0.498435,-0.464348,0,0.35299,-0.305433,0.884369,0,-0.582628,-0.811341,-0.0476598,0,0.0186408,0.0700638,-1.63079,1
bone[36] name=mixamorig1:RightHandThumb2 parentIndex=35
  localBind=1,0,0,0,0,1,0,0,0,0,1,0,0,0,0,1
  inverseBindPose=0.732082,-0.441716,-0.518598,0,0.35299,-0.405128,0.843368,0,-0.582628,-0.800474,-0.140666,0,0.0185009,0.220462,-1.61616,1
bone[37] name=mixamorig1:RightHandThumb3 parentIndex=36
  localBind=1,0,0,0,0,1,0,0,0,0,1,0,0,0,0,1
  inverseBindPose=0.732082,-0.459648,-0.502772,0,0.35299,-0.375273,0.85707,0,-0.582628,-0.804918,-0.11248,0,0.0178906,0.12869,-1.62167,1
bone[38] name=mixamorig1:RightHandThumb4 parentIndex=37
  localBind=1,0,0,0,0,1,0,0,0,0,1,0,-0.000750167,0.0260034,4.83233e-10,1
  inverseBindPose=0.732082,-0.459648,-0.502772,0,0.35299,-0.375273,0.85707,0,-0.582628,-0.804918,-0.11248,0,0.0186408,0.102687,-1.62167,1
bone[39] name=mixamorig1:RightHandIndex1 parentIndex=34
  localBind=1,0,0,0,0,1,0,0,0,0,1,0,0,0,0,1
  inverseBindPose=0.388657,-0.842544,-0.372916,0,0.311314,-0.260851,0.913806,0,-0.867197,-0.471251,0.160914,0,-0.164247,-0.320308,-1.62668,1
bone[40] name=mixamorig1:RightHandIndex2 parentIndex=39
  localBind=1,0,0,0,0,1,0,0,0,0,1,0,0,0,0,1
  inverseBindPose=0.388657,-0.674725,-0.627449,0,0.311314,-0.544774,0.778656,0,-0.867196,-0.497964,-0.00167835,0,-0.163514,0.200269,-1.65175,1
bone[41] name=mixamorig1:RightHandIndex3 parentIndex=40
  localBind=1,0,0,0,0,1,0,0,0,0,1,0,0,0,0,1
  inverseBindPose=0.388656,-0.617919,-0.683464,0,0.311314,-0.610089,0.728612,0,-0.867196,-0.495952,-0.0447482,0,-0.163797,0.314959,-1.63062,1
bone[42] name=mixamorig1:RightHandIndex4 parentIndex=41
  localBind=1,0,0,0,0,1,0,0,0,0,1,0,0.000449853,0.0231341,-3.46347e-12,1
  inverseBindPose=0.388656,-0.617919,-0.683464,0,0.311314,-0.610089,0.728612,0,-0.867196,-0.495952,-0.0447482,0,-0.164247,0.291825,-1.63062,1
bone[43] name=mixamorig1:RightHandMiddle1 parentIndex=34
  localBind=1,0,0,0,0,1,0,0,0,0,1,0,0,0,0,1
  inverseBindPose=0.233629,-0.905827,-0.353406,0,0.278285,-0.285968,0.916941,0,-0.931652,-0.312571,0.185268,0,-0.220936,-0.334699,-1.6165,1
bone[44] name=mixamorig1:RightHandMiddle2 parentIndex=43
  localBind=1,0,0,0,0,1,0,0,0,0,1,0,0,0,0,1
  inverseBindPose=0.233629,-0.654425,-0.719128,0,0.278285,-0.663653,0.69435,0,-0.931652,-0.362343,0.0270683,0,-0.22053,0.389266,-1.61136,1
bone[45] name=mixamorig1:RightHandMiddle3 parentIndex=44
  localBind=1,0,0,0,0,1,0,0,0,0,1,0,0,0,0,1
  inverseBindPose=0.233628,-0.584934,-0.776705,0,0.278285,-0.72517,0.62983,0,-0.931652,-0.363292,-0.00664222,0,-0.220703,0.507304,-1.57109,1
bone[46] name=mixamorig1:RightHandMiddle4 parentIndex=45
  localBind=1,0,0,0,0,1,0,0,0,0,1,0,0.000232829,0.0255851,6.67323e-10,1
  inverseBindPose=0.233629,-0.584934,-0.776705,0,0.278285,-0.72517,0.62983,0,-0.931652,-0.363292,-0.00664222,0,-0.220936,0.481718,-1.57109,1
bone[47] name=mixamorig1:RightHandRing1 parentIndex=34
  localBind=1,0,0,0,0,1,0,0,0,0,1,0,0,0,0,1
  inverseBindPose=0.0767506,-0.886753,-0.455828,0,0.238472,-0.427581,0.871955,0,-0.968112,-0.175626,0.178649,0,-0.269426,-0.116264,-1.63757,1
bone[48] name=mixamorig1:RightHandRing2 parentIndex=47
  localBind=1,0,0,0,0,1,0,0,0,0,1,0,0,0,0,1
  inverseBindPose=0.0767506,-0.735792,-0.672844,0,0.238472,-0.641701,0.728938,0,-0.968112,-0.216401,0.126215,0,-0.269509,0.290726,-1.61804,1
bone[49] name=mixamorig1:RightHandRing3 parentIndex=48
  localBind=1,0,0,0,0,1,0,0,0,0,1,0,0,0,0,1
  inverseBindPose=0.0767506,-0.811266,-0.579618,0,0.238472,-0.549524,0.800721,0,-0.968112,-0.199679,0.151288,0,-0.269424,0.0653755,-1.63774,1
bone[50] name=mixamorig1:RightHandRing4 parentIndex=49
  localBind=1,0,0,0,0,1,0,0,0,0,1,0,2.41476e-06,0.0197053,-4.69121e-10,1
  inverseBindPose=0.0767506,-0.811266,-0.579618,0,0.238472,-0.549524,0.800721,0,-0.968112,-0.199679,0.151288,0,-0.269426,0.0456703,-1.63774,1
bone[51] name=mixamorig1:RightHandPinky1 parentIndex=34
  localBind=1,0,0,0,0,1,0,0,0,0,1,0,0,0,0,1
  inverseBindPose=-0.00967622,-0.883588,-0.468165,0,0.214004,-0.459169,0.862187,0,-0.976785,-0.0918464,0.193535,0,-0.280905,-0.0586815,-1.63036,1
bone[52] name=mixamorig1:RightHandPinky2 parentIndex=51
  localBind=1,0,0,0,0,1,0,0,0,0,1,0,0,0,0,1
  inverseBindPose=-0.00967622,-0.832899,-0.553341,0,0.214004,-0.542271,0.812493,0,-0.976785,-0.110555,0.183491,0,-0.280665,0.075703,-1.63087,1
bone[53] name=mixamorig1:RightHandPinky3 parentIndex=52
  localBind=1,0,0,0,0,1,0,0,0,0,1,0,0,0,0,1
  inverseBindPose=-0.00967634,-0.947561,-0.319428,0,0.214004,-0.314004,0.924989,0,-0.976785,-0.0594084,0.20582,0,-0.280583,-0.372122,-1.58867,1
bone[54] name=mixamorig1:RightHandPinky4 parentIndex=53
  localBind=1,0,0,0,0,1,0,0,0,0,1,0,0.000322439,0.0192488,-5.1563e-10,1
  inverseBindPose=-0.00967634,-0.947561,-0.319428,0,0.214004,-0.314004,0.924988,0,-0.976785,-0.0594083,0.205821,0,-0.280905,-0.39137,-1.58867,1
bone[55] name=mixamorig1:LeftUpLeg parentIndex=0
  localBind=1,0,0,0,0,1,0,0,0,0,1,0,0,0,0,1
  inverseBindPose=-0.99475,0.102334,4.65661e-10,0,-0.101722,-0.988806,0.10916,0,0.0111708,0.108587,0.994024,0,0.197316,0.905119,-0.10397,1
bone[56] name=mixamorig1:LeftLeg parentIndex=55
  localBind=1,0,0,0,0,1,0,0,0,0,1,0,0,0,0,1
  inverseBindPose=-0.994338,0.106236,0.00247582,0,-0.10563,-0.990671,0.0861025,0,0.0115999,0.0853534,0.996283,0,0.199174,0.472185,-0.092994,1
bone[57] name=mixamorig1:LeftFoot parentIndex=56
  localBind=1,0,0,0,0,1,0,0,0,0,1,0,0,0,0,1
  inverseBindPose=-0.938584,0.335512,-0.0805653,0,-0.128249,-0.555975,-0.821245,0,-0.32033,-0.760476,0.564858,0,0.218763,0.0563433,0.0510009,1
bone[58] name=mixamorig1:LeftToeBase parentIndex=57
  localBind=1,0,0,0,0,1,0,0,0,0,1,0,0,0,0,1
  inverseBindPose=-0.921545,0.387119,0.0298828,0,-0.0262509,0.0146669,-0.999548,0,-0.387383,-0.921913,-0.00335407,0,0.210827,-0.138397,-0.0013695,1
bone[59] name=mixamorig1:LeftToe_End parentIndex=58
  localBind=1,0,0,0,0,1,0,0,0,0,1,0,6.12571e-10,0.0642638,-9.72709e-12,1
  inverseBindPose=-0.921545,0.387119,0.0298828,0,-0.0262509,0.0146669,-0.999548,0,-0.387383,-0.921913,-0.00335407,0,0.210827,-0.202661,-0.0013695,1
bone[60] name=mixamorig1:RightUpLeg parentIndex=0
  localBind=1,0,0,0,0,1,0,0,0,0,1,0,0,0,0,1
  inverseBindPose=-0.994747,-0.102365,9.31323e-10,0,0.101784,-0.989104,0.106365,0,-0.010888,0.105806,0.994327,0,-0.197361,0.905278,-0.102535,1
bone[61] name=mixamorig1:RightLeg parentIndex=60
  localBind=1,0,0,0,0,1,0,0,0,0,1,0,0,0,0,1
  inverseBindPose=-0.994333,-0.10628,-0.00270848,0,0.105711,-0.991081,0.0811419,0,-0.011308,0.0803957,0.996699,0,-0.199229,0.472636,-0.090523,1
bone[62] name=mixamorig1:RightFoot parentIndex=61
  localBind=1,0,0,0,0,1,0,0,0,0,1,0,0,0,0,1
  inverseBindPose=-0.93338,-0.345424,0.0973905,0,0.127312,-0.572397,-0.810033,0,0.335551,-0.74367,0.57824,0,-0.218267,0.0531759,0.0531337,1
bone[63] name=mixamorig1:RightToeBase parentIndex=62
  localBind=1,0,0,0,0,1,0,0,0,0,1,0,0,0,0,1
  inverseBindPose=-0.917717,-0.394899,-0.0430211,0,0.0403934,0.0149696,-0.999072,0,0.395176,-0.918603,0.00221342,0,-0.211374,-0.136071,-0.0043832,1
bone[64] name=mixamorig1:RightToe_End parentIndex=63
  localBind=1,0,0,0,0,1,0,0,0,0,1,0,1.26299e-09,0.0629976,2.27496e-11,1
  inverseBindPose=-0.917717,-0.394899,-0.0430211,0,0.0403934,0.0149696,-0.999072,0,0.395176,-0.918603,0.00221342,0,-0.211374,-0.199069,-0.0043832,1
