boneCount=122
bone[0] name=RootNode parentIndex=-1
  localBind=1,0,0,0,0,1,0,0,0,0,1,0,0,0,0,1
  inverseBindPose=1,0,0,0,0,1,0,0,0,0,1,0,0,0,0,1
bone[1] name=mixamorig:Hips parentIndex=0
  localBind=1,0,0,0,0,1,0,0,0,0,1,0,-0.000419201,2.09151,0.0141641,1
  inverseBindPose=1,0,0,0,0,1,0,0,0,0,1,0,0.000419201,-2.09151,-0.0141641,1
bone[2] name=mixamorig:Spine_$AssimpFbx$_Translation parentIndex=1
  localBind=1,0,0,0,0,1,0,0,0,0,1,0,-0.00194802,0.198048,0.0388975,1
  inverseBindPose=1,0,0,0,0,1,0,0,0,0,1,0,0,0,0,1
bone[3] name=mixamorig:Spine_$AssimpFbx$_PreRotation parentIndex=2
  localBind=0.999934,0.0115074,0,0,-0.0114498,0.994929,0.0999272,0,0.0011499,-0.0999206,0.994995,0,0,0,0,1
  inverseBindPose=1,0,0,0,0,1,0,0,0,0,1,0,0,0,0,1
bone[4] name=mixamorig:Spine_$AssimpFbx$_Rotation parentIndex=3
  localBind=1,0,0,0,0,1,0,0,0,0,1,0,0,0,0,1
  inverseBindPose=1,0,0,0,0,1,0,0,0,0,1,0,0,0,0,1
bone[5] name=mixamorig:Spine parentIndex=4
  localBind=1,0,0,0,0,1,0,0,0,0,1,0,0,0,0,1
  inverseBindPose=0.999934,-0.0114498,0.0011499,0,0.0115074,0.994929,-0.0999206,0,0,0.0999272,0.994995,0,-0.0239798,-2.28327,0.175981,1
bone[6] name=mixamorig:Spine1_$AssimpFbx$_Translation parentIndex=5
  localBind=1,0,0,0,0,1,0,0,0,0,1,0,4.44089e-18,0.236201,-7.10543e-17,1
  inverseBindPose=1,0,0,0,0,1,0,0,0,0,1,0,0,0,0,1
bone[7] name=mixamorig:Spine1_$AssimpFbx$_PreRotation parentIndex=6
  localBind=0.999971,-0.00754544,0.000757788,0,0.0075764,0.99834,-0.0571002,0,-0.000325684,0.0571043,0.998368,0,0,0,0,1
  inverseBindPose=1,0,0,0,0,1,0,0,0,0,1,0,0,0,0,1
bone[8] name=mixamorig:Spine1_$AssimpFbx$_Rotation parentIndex=7
  localBind=1,0,0,0,0,1,0,0,0,0,1,0,0,0,0,1
  inverseBindPose=1,0,0,0,0,1,0,0,0,0,1,0,0,0,0,1
bone[9] name=mixamorig:Spine1 parentIndex=8
  localBind=1,0,0,0,0,1,0,0,0,0,1,0,0,0,0,1
  inverseBindPose=0.999992,-0.00392056,0.000168532,0,0.00392418,0.99907,-0.0429466,0,0,0.0429469,0.999077,0,-0.00483519,-2.52552,0.0318284,1
bone[10] name=mixamorig:Spine2_$AssimpFbx$_Translation parentIndex=9
  localBind=1,0,0,0,0,1,0,0,0,0,1,0,-5.55111e-19,0.278335,4.44089e-18,1
  inverseBindPose=1,0,0,0,0,1,0,0,0,0,1,0,0,0,0,1
bone[11] name=mixamorig:Spine2_$AssimpFbx$_PreRotation parentIndex=10
  localBind=0.99975,-0.0223476,0.000960645,0,0.022206,0.986423,-0.162718,0,0.00268875,0.162699,0.986672,0,0,0,0,1
  inverseBindPose=1,0,0,0,0,1,0,0,0,0,1,0,0,0,0,1
bone[12] name=mixamorig:Spine2_$AssimpFbx$_Rotation parentIndex=11
  localBind=1,0,0,0,0,1,0,0,0,0,1,0,0,0,0,1
  inverseBindPose=1,0,0,0,0,1,0,0,0,0,1,0,0,0,0,1
bone[13] name=mixamorig:Spine2 parentIndex=12
  localBind=1,0,0,0,0,1,0,0,0,0,1,0,0,0,0,1
  inverseBindPose=0.99983,0.0183111,0.00221714,0,-0.0184448,0.99258,0.120184,0,1.16415e-10,-0.120204,0.992749,0,0.057856,-2.77108,-0.424793,1
bone[14] name=mixamorig:Neck_$AssimpFbx$_Translation parentIndex=13
  localBind=1,0,0,0,0,1,0,0,0,0,1,0,0,0.312941,-1.42109e-16,1
  inverseBindPose=1,0,0,0,0,1,0,0,0,0,1,0,0,0,0,1
bone[15] name=mixamorig:Neck_$AssimpFbx$_PreRotation parentIndex=14
  localBind=0.999597,-0.0281752,-0.00341151,0,0.0272384,0.986162,-0.163531,0,0.00797183,0.163372,0.986532,0,0,0,0,1
  inverseBindPose=1,0,0,0,0,1,0,0,0,0,1,0,0,0,0,1
bone[16] name=mixamorig:Neck_$AssimpFbx$_Rotation parentIndex=15
  localBind=1,0,0,0,0,1,0,0,0,0,1,0,0,0,0,1
  inverseBindPose=1,0,0,0,0,1,0,0,0,0,1,0,0,0,0,1
bone[17] name=mixamorig:Neck parentIndex=16
  localBind=1,0,0,0,0,1,0,0,0,0,1,0,0,0,0,1
  inverseBindPose=0.998904,0.0449289,0.0131493,0,-0.0468136,0.958689,0.280578,0,1.86265e-09,-0.280886,0.959741,0,0.146175,-2.9703,-0.922454,1
bone[18] name=mixamorig:Head parentIndex=17
  localBind=1,0,0,0,0,1,0,0,0,0,1,0,-1.77636e-17,0.23189,5.68434e-16,1
  inverseBindPose=0.998904,0.0449289,0.0131493,0,-0.0468136,0.958689,0.280578,0,1.86265e-09,-0.280886,0.959741,0,0.146175,-3.20219,-0.922454,1
bone[19] name=mixamorig:HeadTop_End parentIndex=18
  localBind=1,0,0,0,0,1,0,0,0,0,1,0,-0.016398,0.397774,0.00361089,1
  inverseBindPose=0.998904,0.0449289,0.0131493,0,-0.0468136,0.958689,0.280578,0,1.86265e-09,-0.280886,0.959741,0,0.162573,-3.59996,-0.926064,1
bone[20] name=mixamorig:RightEye parentIndex=18
  localBind=1,0,0,0,0,1,0,0,0,0,1,0,-0.0688147,0.20143,-0.112521,1
  inverseBindPose=0.998904,0.0449289,0.0131493,0,-0.0468136,0.958689,0.280578,0,1.86265e-09,-0.280886,0.959741,0,0.214989,-3.40362,-0.809932,1
bone[21] name=mixamorig:LeftEye parentIndex=18
  localBind=1,0,0,0,0,1,0,0,0,0,1,0,0.0529535,0.210261,-0.113098,1
  inverseBindPose=0.998904,0.0449289,0.0131493,0,-0.0468136,0.958689,0.280578,0,1.86265e-09,-0.280886,0.959741,0,0.0932212,-3.41245,-0.809355,1
bone[22] name=mixamorig:LeftShoulder_$AssimpFbx$_Translation parentIndex=13
  localBind=1,0,0,0,0,1,0,0,0,0,1,0,0.126034,0.193137,-0.00359167,1
  inverseBindPose=1,0,0,0,0,1,0,0,0,0,1,0,0,0,0,1
bone[23] name=mixamorig:LeftShoulder_$AssimpFbx$_PreRotation parentIndex=22
  localBind=-0.152335,-0.126049,0.980258,0,0.987168,0.0286591,0.157094,0,-0.047895,0.99161,0.120066,0,0,0,0,1
  inverseBindPose=1,0,0,0,0,1,0,0,0,0,1,0,0,0,0,1
bone[24] name=mixamorig:LeftShoulder_$AssimpFbx$_Rotation parentIndex=23
  localBind=1,0,0,0,0,1,0,0,0,0,1,0,0,0,0,1
  inverseBindPose=1,0,0,0,0,1,0,0,0,0,1,0,0,0,0,1
bone[25] name=mixamorig:LeftShoulder parentIndex=24
  localBind=1,0,0,0,0,1,0,0,0,0,1,0,0,0,0,1
  inverseBindPose=-0.152444,0.987873,-0.0294631,0,-0.00449336,0.0291184,0.999566,0,0.988302,0.15251,-1.19209e-07,0,-0.0288626,-0.218423,-2.98665,1
bone[26] name=mixamorig:LeftArm_$AssimpFbx$_Translation parentIndex=25
  localBind=1,0,0,0,0,1,0,0,0,0,1,0,2.39808e-16,0.265833,-1.13687e-15,1
  inverseBindPose=1,0,0,0,0,1,0,0,0,0,1,0,0,0,0,1
bone[27] name=mixamorig:LeftArm_$AssimpFbx$_PreRotation parentIndex=26
  localBind=0.988302,0.152509,-2.32831e-10,0,-0.152443,0.987873,-0.0294636,0,-0.00449347,0.029119,0.999566,0,0,0,0,1
  inverseBindPose=1,0,0,0,0,1,0,0,0,0,1,0,0,0,0,1
bone[28] name=mixamorig:LeftArm_$AssimpFbx$_Rotation parentIndex=27
  localBind=1,0,0,0,0,1,0,0,0,0,1,0,0,0,0,1
  inverseBindPose=1,0,0,0,0,1,0,0,0,0,1,0,0,0,0,1
bone[29] name=mixamorig:LeftArm parentIndex=28
  localBind=1,0,0,0,0,1,0,0,0,0,1,0,0,0,0,1
  inverseBindPose=4.76837e-07,1,4.76837e-07,0,0,-4.76837e-07,1,0,1,-4.76837e-07,0,0,-0.102379,-0.385986,-2.99932,1
bone[30] name=mixamorig:LeftForeArm parentIndex=29
  localBind=1,0,0,0,0,1,0,0,0,0,1,0,2.05185e-10,0.551277,-5.68434e-16,1
  inverseBindPose=4.76837e-07,1,4.76837e-07,0,0,-4.76837e-07,1,0,1,-4.76837e-07,0,0,-0.102379,-0.937262,-2.99932,1
bone[31] name=mixamorig:LeftHand parentIndex=30
  localBind=1,0,0,0,0,1,0,0,0,0,1,0,-4.28579e-07,0.527733,3.94607e-08,1
  inverseBindPose=4.76837e-07,1,4.76837e-07,0,0,-4.76837e-07,1,0,1,-4.76837e-07,0,0,-0.102379,-1.465,-2.99932,1
bone[32] name=mixamorig:LeftHandMiddle1 parentIndex=31
  localBind=1,0,0,0,0,1,0,0,0,0,1,0,-4.29947e-07,0.277446,-3.2851e-08,1
  inverseBindPose=4.76837e-07,1,4.76837e-07,0,0,-4.76837e-07,1,0,1,-4.76837e-07,0,0,-0.102379,-1.74244,-2.99932,1
bone[33] name=mixamorig:LeftHandMiddle2 parentIndex=32
  localBind=1,0,0,0,0,1,0,0,0,0,1,0,-5.80609e-08,0.0693162,-3.2832e-07,1
  inverseBindPose=4.76837e-07,1,4.76837e-07,0,0,-4.76837e-07,1,0,1,-4.76837e-07,0,0,-0.102379,-1.81176,-2.99932,1
bone[34] name=mixamorig:LeftHandMiddle3 parentIndex=33
  localBind=1,0,0,0,0,1,0,0,0,0,1,0,2.82629e-07,0.068236,-1.92267e-09,1
  inverseBindPose=4.76837e-07,1,4.76837e-07,0,0,-4.76837e-07,1,0,1,-4.76837e-07,0,0,-0.102379,-1.87999,-2.99932,1
bone[35] name=mixamorig:LeftHandMiddle4 parentIndex=34
  localBind=1,0,0,0,0,1,0,0,0,0,1,0,3.4345e-07,0.073927,4.70015e-07,1
  inverseBindPose=4.76837e-07,1,4.76837e-07,0,0,-4.76837e-07,1,0,1,-4.76837e-07,0,0,-0.10238,-1.95392,-2.99932,1
bone[36] name=mixamorig:LeftHandThumb1_$AssimpFbx$_Translation parentIndex=31
  localBind=1,0,0,0,0,1,0,0,0,0,1,0,-0.0612882,0.111231,-0.0329151,1
  inverseBindPose=1,0,0,0,0,1,0,0,0,0,1,0,0,0,0,1
bone[37] name=mixamorig:LeftHandThumb1_$AssimpFbx$_PreRotation parentIndex=36
  localBind=0.894426,0.387301,-0.223607,0,-0.447216,0.774597,-0.447212,0,-2.16067e-07,0.499998,0.866026,0,0,0,0,1
  inverseBindPose=1,0,0,0,0,1,0,0,0,0,1,0,0,0,0,1
bone[38] name=mixamorig:LeftHandThumb1_$AssimpFbx$_Rotation parentIndex=37
  localBind=1,0,0,0,0,1,0,0,0,0,1,0,0,0,0,1
  inverseBindPose=1,0,0,0,0,1,0,0,0,0,1,0,0,0,0,1
bone[39] name=mixamorig:LeftHandThumb1 parentIndex=38
  localBind=1,0,0,0,0,1,0,0,0,0,1,0,0,0,0,1
  inverseBindPose=0.3873,0.774597,0.499999,0,-0.223607,-0.447212,0.866026,0,0.894426,-0.447215,5.96046e-08,0,0.0160842,0.124049,-3.3571,1
bone[40] name=mixamorig:LeftHandThumb2 parentIndex=39
  localBind=1,0,0,0,0,1,0,0,0,0,1,0,2.57572e-16,0.112243,0,1
  inverseBindPose=0.3873,0.774597,0.499999,0,-0.223607,-0.447212,0.866026,0,0.894426,-0.447215,5.96046e-08,0,0.0160841,0.011806,-3.3571,1
bone[41] name=mixamorig:LeftHandThumb3 parentIndex=40
  localBind=1,0,0,0,0,1,0,0,0,0,1,0,-1.1523e-07,0.0895555,-5.09744e-07,1
  inverseBindPose=0.3873,0.774597,0.499999,0,-0.223607,-0.447212,0.866026,0,0.894426,-0.447215,5.96046e-08,0,0.0160843,-0.0777498,-3.3571,1
bone[42] name=mixamorig:LeftHandThumb4 parentIndex=41
  localBind=1,0,0,0,0,1,0,0,0,0,1,0,4.10651e-07,0.0579451,-3.69937e-12,1
  inverseBindPose=0.3873,0.774597,0.499999,0,-0.223607,-0.447212,0.866026,0,0.894426,-0.447215,5.96046e-08,0,0.0160839,-0.135695,-3.3571,1
bone[43] name=mixamorig:LeftHandIndex1 parentIndex=31
  localBind=1,0,0,0,0,1,0,0,0,0,1,0,-0.0515206,0.284902,-0.00454726,1
  inverseBindPose=4.76837e-07,1,4.76837e-07,0,0,-4.76837e-07,1,0,1,-4.76837e-07,0,0,-0.0508589,-1.7499,-2.99478,1
bone[44] name=mixamorig:LeftHandIndex2 parentIndex=43
  localBind=1,0,0,0,0,1,0,0,0,0,1,0,-8.71144e-09,0.0706287,5.34677e-07,1
  inverseBindPose=4.76837e-07,1,4.76837e-07,0,0,-4.76837e-07,1,0,1,-4.76837e-07,0,0,-0.050859,-1.82053,-2.99478,1
bone[45] name=mixamorig:LeftHandIndex3 parentIndex=44
  localBind=1,0,0,0,0,1,0,0,0,0,1,0,-3.20219e-07,0.0649529,3.79226e-07,1
  inverseBindPose=4.76837e-07,1,4.76837e-07,0,0,-4.76837e-07,1,0,1,-4.76837e-07,0,0,-0.0508587,-1.88548,-2.99478,1
bone[46] name=mixamorig:LeftHandIndex4 parentIndex=45
  localBind=1,0,0,0,0,1,0,0,0,0,1,0,-3.53798e-07,0.065934,-1.92222e-07,1
  inverseBindPose=4.76837e-07,1,4.76837e-07,0,0,-4.76837e-07,1,0,1,-4.76837e-07,0,0,-0.0508584,-1.95141,-2.99478,1
bone[47] name=mixamorig:LeftHandRing1 parentIndex=31
  localBind=1,0,0,0,0,1,0,0,0,0,1,0,0.0424102,0.254841,0.000792678,1
  inverseBindPose=4.76837e-07,1,4.76837e-07,0,0,-4.76837e-07,1,0,1,-4.76837e-07,0,0,-0.14479,-1.71984,-3.00012,1
bone[48] name=mixamorig:LeftHandRing2 parentIndex=47
  localBind=1,0,0,0,0,1,0,0,0,0,1,0,-3.78027e-07,0.0630982,-3.86701e-07,1
  inverseBindPose=4.76837e-07,1,4.76837e-07,0,0,-4.76837e-07,1,0,1,-4.76837e-07,0,0,-0.144789,-1.78294,-3.00012,1
bone[49] name=mixamorig:LeftHandRing3 parentIndex=48
  localBind=1,0,0,0,0,1,0,0,0,0,1,0,5.79476e-08,0.0635954,5.18184e-08,1
  inverseBindPose=4.76837e-07,1,4.76837e-07,0,0,-4.76837e-07,1,0,1,-4.76837e-07,0,0,-0.144789,-1.84653,-3.00012,1
bone[50] name=mixamorig:LeftHandRing4 parentIndex=49
  localBind=1,0,0,0,0,1,0,0,0,0,1,0,-4.41215e-07,0.0703781,-3.81448e-07,1
  inverseBindPose=4.76837e-07,1,4.76837e-07,0,0,-4.76837e-07,1,0,1,-4.76837e-07,0,0,-0.144789,-1.91691,-3.00012,1
bone[51] name=mixamorig:LeftHandPinky1 parentIndex=31
  localBind=1,0,0,0,0,1,0,0,0,0,1,0,0.0878093,0.219058,-0.00440997,1
  inverseBindPose=4.76837e-07,1,4.76837e-07,0,0,-4.76837e-07,1,0,1,-4.76837e-07,0,0,-0.190189,-1.68405,-2.99491,1
bone[52] name=mixamorig:LeftHandPinky2 parentIndex=51
  localBind=1,0,0,0,0,1,0,0,0,0,1,0,-1.21482e-07,0.0653669,-1.66145e-07,1
  inverseBindPose=4.76837e-07,1,4.76837e-07,0,0,-4.76837e-07,1,0,1,-4.76837e-07,0,0,-0.190189,-1.74942,-2.99491,1
bone[53] name=mixamorig:LeftHandPinky3 parentIndex=52
  localBind=1,0,0,0,0,1,0,0,0,0,1,0,-3.25306e-07,0.0414907,-6.44938e-08,1
  inverseBindPose=4.76837e-07,1,4.76837e-07,0,0,-4.76837e-07,1,0,1,-4.76837e-07,0,0,-0.190188,-1.79091,-2.99491,1
bone[54] name=mixamorig:LeftHandPinky4 parentIndex=53
  localBind=1,0,0,0,0,1,0,0,0,0,1,0,1.77869e-07,0.0556353,-9.37468e-08,1
  inverseBindPose=4.76837e-07,1,4.76837e-07,0,0,-4.76837e-07,1,0,1,-4.76837e-07,0,0,-0.190189,-1.84655,-2.99491,1
bone[55] name=mixamorig:RightShoulder_$AssimpFbx$_Translation parentIndex=13
  localBind=1,0,0,0,0,1,0,0,0,0,1,0,-0.129896,0.191034,0.0011624,1
  inverseBindPose=1,0,0,0,0,1,0,0,0,0,1,0,0,0,0,1
bone[56] name=mixamorig:RightShoulder_$AssimpFbx$_PreRotation parentIndex=55
  localBind=-0.20166,0.117545,-0.972377,0,-0.979455,-0.0251594,0.200087,0,-0.000945032,0.992749,0.120204,0,0,0,0,1
  inverseBindPose=1,0,0,0,0,1,0,0,0,0,1,0,0,0,0,1
bone[57] name=mixamorig:RightShoulder_$AssimpFbx$_Rotation parentIndex=56
  localBind=1,0,0,0,0,1,0,0,0,0,1,0,0,0,0,1
  inverseBindPose=1,0,0,0,0,1,0,0,0,0,1,0,0,0,0,1
bone[58] name=mixamorig:RightShoulder parentIndex=57
  localBind=1,0,0,0,0,1,0,0,0,0,1,0,0,0,0,1
  inverseBindPose=-0.201629,-0.979306,0.0174999,0,0.0035291,0.0171403,0.999847,0,-0.979456,0.20166,0,0,0.0281446,-0.194598,-2.99201,1
bone[59] name=mixamorig:RightArm_$AssimpFbx$_Translation parentIndex=58
  localBind=1,0,0,0,0,1,0,0,0,0,1,0,-2.66454e-16,0.268919,-1.7053e-15,1
  inverseBindPose=1,0,0,0,0,1,0,0,0,0,1,0,0,0,0,1
bone[60] name=mixamorig:RightArm_$AssimpFbx$_PreRotation parentIndex=59
  localBind=0.979456,-0.201659,1.16415e-10,0,0.201628,0.979306,-0.0174997,0,0.00352898,0.0171402,0.999847,0,0,0,0,1
  inverseBindPose=1,0,0,0,0,1,0,0,0,0,1,0,0,0,0,1
bone[61] name=mixamorig:RightArm_$AssimpFbx$_Rotation parentIndex=60
  localBind=1,0,0,0,0,1,0,0,0,0,1,0,0,0,0,1
  inverseBindPose=1,0,0,0,0,1,0,0,0,0,1,0,0,0,0,1
bone[62] name=mixamorig:RightArm parentIndex=61
  localBind=1,0,0,0,0,1,0,0,0,0,1,0,0,0,0,1
  inverseBindPose=7.15256e-07,-1,1.78814e-07,0,-5.96046e-08,1.19209e-07,1,0,-1,-7.7486e-07,-1.19209e-07,0,0.121039,-0.395891,-2.9994,1
bone[63] name=mixamorig:RightForeArm parentIndex=62
  localBind=1,0,0,0,0,1,0,0,0,0,1,0,-1.38116e-10,0.558427,1.13687e-15,1
  inverseBindPose=7.15256e-07,-1,1.78814e-07,0,-5.96046e-08,1.19209e-07,1,0,-1,-7.7486e-07,-1.19209e-07,0,0.12104,-0.954317,-2.9994,1
bone[64] name=mixamorig:RightHand parentIndex=63
  localBind=1,0,0,0,0,1,0,0,0,0,1,0,3.73858e-07,0.503137,-2.59831e-07,1
  inverseBindPose=7.15256e-07,-1,1.78814e-07,0,-5.96046e-08,1.19209e-07,1,0,-1,-7.7486e-07,-1.19209e-07,0,0.121041,-1.45745,-2.9994,1
bone[65] name=mixamorig:RightHandMiddle1 parentIndex=64
  localBind=1,0,0,0,0,1,0,0,0,0,1,0,1.74596e-07,0.260655,3.68466e-07,1
  inverseBindPose=7.15256e-07,-1,1.78814e-07,0,-5.96046e-08,1.19209e-07,1,0,-1,-7.7486e-07,-1.19209e-07,0,0.121041,-1.71811,-2.9994,1
bone[66] name=mixamorig:RightHandMiddle2 parentIndex=65
  localBind=1,0,0,0,0,1,0,0,0,0,1,0,4.99538e-07,0.0615997,-2.95415e-12,1
  inverseBindPose=7.15256e-07,-1,1.78814e-07,0,-5.96046e-08,1.19209e-07,1,0,-1,-7.7486e-07,-1.19209e-07,0,0.121041,-1.77971,-2.9994,1
bone[67] name=mixamorig:RightHandMiddle3 parentIndex=66
  localBind=1,0,0,0,0,1,0,0,0,0,1,0,4.69113e-07,0.0727912,-1.70858e-07,1
  inverseBindPose=7.15256e-07,-1,1.78814e-07,0,-5.96046e-08,1.19209e-07,1,0,-1,-7.7486e-07,-1.19209e-07,0,0.12104,-1.8525,-2.9994,1
bone[68] name=mixamorig:RightHandMiddle4 parentIndex=67
  localBind=1,0,0,0,0,1,0,0,0,0,1,0,-4.10022e-07,0.0745995,3.58227e-12,1
  inverseBindPose=7.15256e-07,-1,1.78814e-07,0,-5.96046e-08,1.19209e-07,1,0,-1,-7.7486e-07,-1.19209e-07,0,0.121041,-1.9271,-2.9994,1
bone[69] name=mixamorig:RightHandThumb1_$AssimpFbx$_Translation parentIndex=64
  localBind=1,0,0,0,0,1,0,0,0,0,1,0,0.0615707,0.0950196,-0.0393002,1
  inverseBindPose=1,0,0,0,0,1,0,0,0,0,1,0,0,0,0,1
bone[70] name=mixamorig:RightHandThumb1_$AssimpFbx$_PreRotation parentIndex=69
  localBind=0.894424,-0.387302,0.223611,0,0.447219,0.774592,-0.447216,0,4.24683e-07,0.500004,0.866023,0,0,0,0,1
  inverseBindPose=1,0,0,0,0,1,0,0,0,0,1,0,0,0,0,1
bone[71] name=mixamorig:RightHandThumb1_$AssimpFbx$_Rotation parentIndex=70
  localBind=1,0,0,0,0,1,0,0,0,0,1,0,0,0,0,1
  inverseBindPose=1,0,0,0,0,1,0,0,0,0,1,0,0,0,0,1
bone[72] name=mixamorig:RightHandThumb1 parentIndex=71
  localBind=1,0,0,0,0,1,0,0,0,0,1,0,0,0,0,1
  inverseBindPose=0.387302,-0.774593,-0.500003,0,0.223611,-0.447216,0.866023,0,-0.894425,-0.447219,-1.19209e-07,0,-0.00744328,0.147862,-3.33976,1
bone[73] name=mixamorig:RightHandThumb2 parentIndex=72
  localBind=1,0,0,0,0,1,0,0,0,0,1,0,-1.25455e-16,0.103491,-1.7053e-15,1
  inverseBindPose=0.387302,-0.774593,-0.500003,0,0.223611,-0.447216,0.866023,0,-0.894425,-0.447219,-1.19209e-07,0,-0.00744328,0.0443708,-3.33976,1
bone[74] name=mixamorig:RightHandThumb3 parentIndex=73
  localBind=1,0,0,0,0,1,0,0,0,0,1,0,-3.09088e-07,0.0857473,2.40912e-07,1
  inverseBindPose=0.387302,-0.774593,-0.500003,0,0.223611,-0.447216,0.866023,0,-0.894425,-0.447219,-1.19209e-07,0,-0.00744293,-0.0413768,-3.33975,1
bone[75] name=mixamorig:RightHandThumb4 parentIndex=74
  localBind=1,0,0,0,0,1,0,0,0,0,1,0,-9.38704e-09,0.0613887,5.64608e-07,1
  inverseBindPose=0.387302,-0.774593,-0.500003,0,0.223611,-0.447216,0.866023,0,-0.894425,-0.447219,-1.19209e-07,0,-0.00744301,-0.102765,-3.33976,1
bone[76] name=mixamorig:RightHandIndex1 parentIndex=64
  localBind=1,0,0,0,0,1,0,0,0,0,1,0,0.0510665,0.26603,-0.00546343,1
  inverseBindPose=7.15256e-07,-1,1.78814e-07,0,-5.96046e-08,1.19209e-07,1,0,-1,-7.7486e-07,-1.19209e-07,0,0.0699748,-1.72348,-2.99393,1
bone[77] name=mixamorig:RightHandIndex2 parentIndex=76
  localBind=1,0,0,0,0,1,0,0,0,0,1,0,-1.02519e-07,0.0709213,-1.1981e-07,1
  inverseBindPose=7.15256e-07,-1,1.78814e-07,0,-5.96046e-08,1.19209e-07,1,0,-1,-7.7486e-07,-1.19209e-07,0,0.069975,-1.79441,-2.99393,1
bone[78] name=mixamorig:RightHandIndex3 parentIndex=77
  localBind=1,0,0,0,0,1,0,0,0,0,1,0,2.45121e-07,0.0741442,1.11445e-08,1
  inverseBindPose=7.15256e-07,-1,1.78814e-07,0,-5.96046e-08,1.19209e-07,1,0,-1,-7.7486e-07,-1.19209e-07,0,0.0699748,-1.86855,-2.99393,1
bone[79] name=mixamorig:RightHandIndex4 parentIndex=78
  localBind=1,0,0,0,0,1,0,0,0,0,1,0,4.75618e-07,0.055225,-2.5932e-12,1
  inverseBindPose=7.15256e-07,-1,1.78814e-07,0,-5.96046e-08,1.19209e-07,1,0,-1,-7.7486e-07,-1.19209e-07,0,0.0699745,-1.92377,-2.99393,1
bone[80] name=mixamorig:RightHandRing1 parentIndex=64
  localBind=1,0,0,0,0,1,0,0,0,0,1,0,-0.0398393,0.240872,1.36108e-05,1
  inverseBindPose=7.15256e-07,-1,1.78814e-07,0,-5.96046e-08,1.19209e-07,1,0,-1,-7.7486e-07,-1.19209e-07,0,0.160881,-1.69833,-2.99941,1
bone[81] name=mixamorig:RightHandRing2 parentIndex=80
  localBind=1,0,0,0,0,1,0,0,0,0,1,0,9.82189e-08,0.068575,3.61624e-07,1
  inverseBindPose=7.15256e-07,-1,1.78814e-07,0,-5.96046e-08,1.19209e-07,1,0,-1,-7.7486e-07,-1.19209e-07,0,0.160881,-1.7669,-2.99941,1
bone[82] name=mixamorig:RightHandRing3 parentIndex=81
  localBind=1,0,0,0,0,1,0,0,0,0,1,0,3.39149e-07,0.0683548,-3.03799e-07,1
  inverseBindPose=7.15256e-07,-1,1.78814e-07,0,-5.96046e-08,1.19209e-07,1,0,-1,-7.7486e-07,-1.19209e-07,0,0.16088,-1.83526,-2.99941,1
bone[83] name=mixamorig:RightHandRing4 parentIndex=82
  localBind=1,0,0,0,0,1,0,0,0,0,1,0,2.15538e-07,0.0601716,4.61678e-07,1
  inverseBindPose=7.15256e-07,-1,1.78814e-07,0,-5.96046e-08,1.19209e-07,1,0,-1,-7.7486e-07,-1.19209e-07,0,0.16088,-1.89543,-2.99941,1
bone[84] name=mixamorig:RightHandPinky1 parentIndex=64
  localBind=1,0,0,0,0,1,0,0,0,0,1,0,-0.0854108,0.209894,-0.00497748,1
  inverseBindPose=7.15256e-07,-1,1.78814e-07,0,-5.96046e-08,1.19209e-07,1,0,-1,-7.7486e-07,-1.19209e-07,0,0.206452,-1.66735,-2.99442,1
bone[85] name=mixamorig:RightHandPinky2 parentIndex=84
  localBind=1,0,0,0,0,1,0,0,0,0,1,0,5.46563e-07,0.0593959,-2.49429e-12,1
  inverseBindPose=7.15256e-07,-1,1.78814e-07,0,-5.96046e-08,1.19209e-07,1,0,-1,-7.7486e-07,-1.19209e-07,0,0.206452,-1.72674,-2.99442,1
bone[86] name=mixamorig:RightHandPinky3 parentIndex=85
  localBind=1,0,0,0,0,1,0,0,0,0,1,0,-1.78057e-07,0.0376471,9.06084e-13,1
  inverseBindPose=7.15256e-07,-1,1.78814e-07,0,-5.96046e-08,1.19209e-07,1,0,-1,-7.7486e-07,-1.19209e-07,0,0.206452,-1.76439,-2.99442,1
bone[87] name=mixamorig:RightHandPinky4 parentIndex=86
  localBind=1,0,0,0,0,1,0,0,0,0,1,0,3.97478e-13,0.0637046,-6.31576e-07,1
  inverseBindPose=7.15256e-07,-1,1.78814e-07,0,-5.96046e-08,1.19209e-07,1,0,-1,-7.7486e-07,-1.19209e-07,0,0.206452,-1.8281,-2.99442,1
bone[88] name=mixamorig:LeftUpLeg_$AssimpFbx$_Translation parentIndex=1
  localBind=1,0,0,0,0,1,0,0,0,0,1,0,0.185244,-0.138385,-0.0266202,1
  inverseBindPose=1,0,0,0,0,1,0,0,0,0,1,0,0,0,0,1
bone[89] name=mixamorig:LeftUpLeg_$AssimpFbx$_PreRotation parentIndex=88
  localBind=-0.999989,0.00476731,-8.45019e-05,0,-0.00476806,-0.999832,0.0177224,0,3.74712e-10,0.0177226,0.999843,0,0,0,0,1
  inverseBindPose=1,0,0,0,0,1,0,0,0,0,1,0,0,0,0,1
bone[90] name=mixamorig:LeftUpLeg_$AssimpFbx$_Rotation parentIndex=89
  localBind=1,0,0,0,0,1,0,0,0,0,1,0,0,0,0,1
  inverseBindPose=1,0,0,0,0,1,0,0,0,0,1,0,0,0,0,1
bone[91] name=mixamorig:LeftUpLeg parentIndex=90
  localBind=1,0,0,0,0,1,0,0,0,0,1,0,0,0,0,1
  inverseBindPose=-0.999989,-0.00476804,0,0,0.00476729,-0.999832,0.0177226,0,-8.45019e-05,0.0177224,0.999843,0,0.175511,1.9539,-0.0221602,1
bone[92] name=mixamorig:LeftLeg_$AssimpFbx$_Translation parentIndex=91
  localBind=1,0,0,0,0,1,0,0,0,0,1,0,-2.4869e-16,0.852456,1.49214e-15,1
  inverseBindPose=1,0,0,0,0,1,0,0,0,0,1,0,0,0,0,1
bone[93] name=mixamorig:LeftLeg_$AssimpFbx$_PreRotation parentIndex=92
  localBind=0.99995,0.010031,0.000223466,0,-0.0100314,0.999049,0.0424205,0,0.000202265,-0.0424206,0.9991,0,0,0,0,1
  inverseBindPose=1,0,0,0,0,1,0,0,0,0,1,0,0,0,0,1
bone[94] name=mixamorig:LeftLeg_$AssimpFbx$_Rotation parentIndex=93
  localBind=1,0,0,0,0,1,0,0,0,0,1,0,0,0,0,1
  inverseBindPose=1,0,0,0,0,1,0,0,0,0,1,0,0,0,0,1
bone[95] name=mixamorig:LeftLeg parentIndex=94
  localBind=1,0,0,0,0,1,0,0,0,0,1,0,0,0,0,1
  inverseBindPose=-0.999986,0.00526781,0,0,-0.00525828,-0.998177,0.060121,0,0.000316706,0.0601202,0.998191,0,0.186545,1.09769,-0.0688284,1
bone[96] name=mixamorig:LeftFoot_$AssimpFbx$_Translation parentIndex=95
  localBind=1,0,0,0,0,1,0,0,0,0,1,0,-2.84217e-16,0.855711,9.9476e-16,1
  inverseBindPose=1,0,0,0,0,1,0,0,0,0,1,0,0,0,0,1
bone[97] name=mixamorig:LeftFoot_$AssimpFbx$_PreRotation parentIndex=96
  localBind=0.996813,0.0457001,-0.0653869,0,-0.0796661,0.61296,-0.786088,0,0.00415527,0.788791,0.614647,0,0,0,0,1
  inverseBindPose=1,0,0,0,0,1,0,0,0,0,1,0,0,0,0,1
bone[98] name=mixamorig:LeftFoot_$AssimpFbx$_Rotation parentIndex=97
  localBind=1,0,0,0,0,1,0,0,0,0,1,0,0,0,0,1
  inverseBindPose=1,0,0,0,0,1,0,0,0,0,1,0,0,0,0,1
bone[99] name=mixamorig:LeftFoot parentIndex=98
  localBind=1,0,0,0,0,1,0,0,0,0,1,0,0,0,0,1
  inverseBindPose=-0.996558,0.0828939,1.86265e-09,0,-0.0547895,-0.658684,-0.750422,0,-0.0622054,-0.74784,0.660959,0,0.20151,0.187568,0.149342,1
bone[100] name=mixamorig:LeftToeBase_$AssimpFbx$_Translation parentIndex=99
  localBind=1,0,0,0,0,1,0,0,0,0,1,0,-3.55271e-17,0.324812,1.77636e-16,1
  inverseBindPose=1,0,0,0,0,1,0,0,0,0,1,0,0,0,0,1
bone[101] name=mixamorig:LeftToeBase_$AssimpFbx$_PreRotation parentIndex=100
  localBind=0.995347,-0.0956571,0.011594,0,0.0786962,0.737576,-0.670663,0,0.0556022,0.668455,0.741672,0,0,0,0,1
  inverseBindPose=1,0,0,0,0,1,0,0,0,0,1,0,0,0,0,1
bone[102] name=mixamorig:LeftToeBase_$AssimpFbx$_Rotation parentIndex=101
  localBind=1,0,0,0,0,1,0,0,0,0,1,0,0,0,0,1
  inverseBindPose=1,0,0,0,0,1,0,0,0,0,1,0,0,0,0,1
bone[103] name=mixamorig:LeftToeBase parentIndex=102
  localBind=1,0,0,0,0,1,0,0,0,0,1,0,0,0,0,1
  inverseBindPose=-0.999851,-0.0172848,1.86265e-09,0,-0.000227143,0.0131391,-0.999914,0,0.0172833,-0.999764,-0.0131412,0,0.215432,-0.185528,0.0302255,1
bone[104] name=mixamorig:LeftToe_End parentIndex=103
  localBind=1,0,0,0,0,1,0,0,0,0,1,0,3.55271e-17,0.190648,-1.02141e-16,1
  inverseBindPose=-0.999851,-0.0172848,1.86265e-09,0,-0.000227143,0.0131391,-0.999914,0,0.0172833,-0.999764,-0.0131412,0,0.215432,-0.376176,0.0302255,1
bone[105] name=mixamorig:RightUpLeg_$AssimpFbx$_Translation parentIndex=1
  localBind=1,0,0,0,0,1,0,0,0,0,1,0,-0.184403,-0.144117,-0.0016034,1
  inverseBindPose=1,0,0,0,0,1,0,0,0,0,1,0,0,0,0,1
bone[106] name=mixamorig:RightUpLeg_$AssimpFbx$_PreRotation parentIndex=105
  localBind=-0.999979,-0.00647508,-7.65506e-05,0,0.00647553,-0.999909,-0.0118213,0,2.61934e-10,-0.0118216,0.99993,0,0,0,0,1
  inverseBindPose=1,0,0,0,0,1,0,0,0,0,1,0,0,0,0,1
bone[107] name=mixamorig:RightUpLeg_$AssimpFbx$_Rotation parentIndex=106
  localBind=1,0,0,0,0,1,0,0,0,0,1,0,0,0,0,1
  inverseBindPose=1,0,0,0,0,1,0,0,0,0,1,0,0,0,0,1
bone[108] name=mixamorig:RightUpLeg parentIndex=107
  localBind=1,0,0,0,0,1,0,0,0,0,1,0,0,0,0,1
  inverseBindPose=-0.999979,0.00647551,3.63798e-12,0,-0.00647506,-0.999909,-0.0118216,0,-7.65505e-05,-0.0118213,0.99993,0,-0.172208,1.94856,0.0104614,1
bone[109] name=mixamorig:RightLeg_$AssimpFbx$_Translation parentIndex=108
  localBind=1,0,0,0,0,1,0,0,0,0,1,0,-2.41585e-15,0.848197,4.24771e-15,1
  inverseBindPose=1,0,0,0,0,1,0,0,0,0,1,0,0,0,0,1
bone[110] name=mixamorig:RightLeg_$AssimpFbx$_PreRotation parentIndex=109
  localBind=0.99991,-0.0134107,-0.000501894,0,0.013412,0.997302,0.0721752,0,-0.000467383,-0.0721755,0.997392,0,0,0,0,1
  inverseBindPose=1,0,0,0,0,1,0,0,0,0,1,0,0,0,0,1
bone[111] name=mixamorig:RightLeg_$AssimpFbx$_Rotation parentIndex=110
  localBind=1,0,0,0,0,1,0,0,0,0,1,0,0,0,0,1
  inverseBindPose=1,0,0,0,0,1,0,0,0,0,1,0,0,0,0,1
bone[112] name=mixamorig:RightLeg parentIndex=111
  localBind=1,0,0,0,0,1,0,0,0,0,1,0,0,0,0,1
  inverseBindPose=-0.999976,-0.00695366,1.45519e-11,0,0.00694097,-0.998151,0.0603812,0,-0.00041987,0.0603798,0.998176,0,-0.186954,1.09584,-0.0689046,1
bone[113] name=mixamorig:RightFoot_$AssimpFbx$_Translation parentIndex=112
  localBind=1,0,0,0,0,1,0,0,0,0,1,0,1.42109e-16,0.854194,1.22569e-15,1
  inverseBindPose=1,0,0,0,0,1,0,0,0,0,1,0,0,0,0,1
bone[114] name=mixamorig:RightFoot_$AssimpFbx$_PreRotation parentIndex=113
  localBind=0.995798,-0.051193,0.0759331,0,0.0914115,0.605643,-0.790468,0,-0.00552195,0.794088,0.607778,0,0,0,0,1
  inverseBindPose=1,0,0,0,0,1,0,0,0,0,1,0,0,0,0,1
bone[115] name=mixamorig:RightFoot_$AssimpFbx$_Rotation parentIndex=114
  localBind=1,0,0,0,0,1,0,0,0,0,1,0,0,0,0,1
  inverseBindPose=1,0,0,0,0,1,0,0,0,0,1,0,0,0,0,1
bone[116] name=mixamorig:RightFoot parentIndex=115
  localBind=1,0,0,0,0,1,0,0,0,0,1,0,0,0,0,1
  inverseBindPose=-0.995418,-0.0956208,-3.72529e-09,0,0.0625951,-0.651618,-0.75596,0,0.0722855,-0.752496,0.654618,0,-0.203771,0.183728,0.151041,1
bone[117] name=mixamorig:RightToeBase_$AssimpFbx$_Translation parentIndex=116
  localBind=1,0,0,0,0,1,0,0,0,0,1,0,-3.55271e-17,0.329812,-3.55271e-17,1
  inverseBindPose=1,0,0,0,0,1,0,0,0,0,1,0,0,0,0,1
bone[118] name=mixamorig:RightToeBase_$AssimpFbx$_PreRotation parentIndex=117
  localBind=0.995727,-0.00856852,0.0919473,0,0.0671203,0.751,-0.656882,0,-0.0634239,0.660247,0.748366,0,0,0,0,1
  inverseBindPose=1,0,0,0,0,1,0,0,0,0,1,0,0,0,0,1
bone[119] name=mixamorig:RightToeBase_$AssimpFbx$_Rotation parentIndex=118
  localBind=1,0,0,0,0,1,0,0,0,0,1,0,0,0,0,1
  inverseBindPose=1,0,0,0,0,1,0,0,0,0,1,0,0,0,0,1
bone[120] name=mixamorig:RightToeBase parentIndex=119
  localBind=1,0,0,0,0,1,0,0,0,0,1,0,0,0,0,1
  inverseBindPose=-0.990345,-0.138624,-7.45058e-09,0,-0.00159749,0.0114127,-0.999934,0,0.138615,-0.990279,-0.0115241,0,-0.187761,-0.222602,0.0295062,1
bone[121] name=mixamorig:RightToe_End parentIndex=120
  localBind=1,0,0,0,0,1,0,0,0,0,1,0,0,0.197023,-1.46549e-16,1
  inverseBindPose=-0.990345,-0.138624,-7.45058e-09,0,-0.00159749,0.0114127,-0.999934,0,0.138615,-0.990279,-0.0115241,0,-0.187761,-0.419626,0.0295062,1
